delta_1_volume,delta_2_volume,delta_3_volume,delta_4_volume,delta_5_volume,is_next_1,is_next_2,is_next_3,is_next_4,is_next_5,is_next_6,pre_1,pre_2,pre_3,pre_4,pre_5,pre_6,pre_avg,starttime,volume
"6","1","47","-4","17","1","0","0","0","0","0","30","36","37","84","80","97","60","2016-09-19 08:00:00","129"
"6","1","47","-4","17","0","1","0","0","0","0","30","36","37","84","80","97","60","2016-09-19 08:20:00","122"
"6","1","47","-4","17","0","0","1","0","0","0","30","36","37","84","80","97","60","2016-09-19 08:40:00","98"
"6","1","47","-4","17","0","0","0","1","0","0","30","36","37","84","80","97","60","2016-09-19 09:00:00","89"
"6","1","47","-4","17","0","0","0","0","1","0","30","36","37","84","80","97","60","2016-09-19 09:20:00","78"
"6","1","47","-4","17","0","0","0","0","0","1","30","36","37","84","80","97","60","2016-09-19 09:40:00","59"
"-10","7","2","10","13","1","0","0","0","0","0","77","67","74","76","86","99","79","2016-09-19 17:00:00","85"
"-10","7","2","10","13","0","1","0","0","0","0","77","67","74","76","86","99","79","2016-09-19 17:20:00","72"
"-10","7","2","10","13","0","0","1","0","0","0","77","67","74","76","86","99","79","2016-09-19 17:40:00","53"
"-10","7","2","10","13","0","0","0","1","0","0","77","67","74","76","86","99","79","2016-09-19 18:00:00","55"
"-10","7","2","10","13","0","0","0","0","1","0","77","67","74","76","86","99","79","2016-09-19 18:20:00","50"
"-10","7","2","10","13","0","0","0","0","0","1","77","67","74","76","86","99","79","2016-09-19 18:40:00","49"
"-2","23","25","7","7","1","0","0","0","0","0","33","31","54","79","86","93","62","2016-09-20 08:00:00","112"
"-2","23","25","7","7","0","1","0","0","0","0","33","31","54","79","86","93","62","2016-09-20 08:20:00","111"
"-2","23","25","7","7","0","0","1","0","0","0","33","31","54","79","86","93","62","2016-09-20 08:40:00","112"
"-2","23","25","7","7","0","0","0","1","0","0","33","31","54","79","86","93","62","2016-09-20 09:00:00","105"
"-2","23","25","7","7","0","0","0","0","1","0","33","31","54","79","86","93","62","2016-09-20 09:20:00","99"
"-2","23","25","7","7","0","0","0","0","0","1","33","31","54","79","86","93","62","2016-09-20 09:40:00","87"
"7","0","13","-6","-12","1","0","0","0","0","0","62","69","69","82","76","64","70","2016-09-20 17:00:00","82"
"7","0","13","-6","-12","0","1","0","0","0","0","62","69","69","82","76","64","70","2016-09-20 17:20:00","86"
"7","0","13","-6","-12","0","0","1","0","0","0","62","69","69","82","76","64","70","2016-09-20 17:40:00","85"
"7","0","13","-6","-12","0","0","0","1","0","0","62","69","69","82","76","64","70","2016-09-20 18:00:00","77"
"7","0","13","-6","-12","0","0","0","0","1","0","62","69","69","82","76","64","70","2016-09-20 18:20:00","60"
"7","0","13","-6","-12","0","0","0","0","0","1","62","69","69","82","76","64","70","2016-09-20 18:40:00","56"
"3","5","28","-5","7","1","0","0","0","0","0","6","9","14","42","37","44","25","2016-09-21 08:00:00","37"
"3","5","28","-5","7","0","1","0","0","0","0","6","9","14","42","37","44","25","2016-09-21 08:20:00","30"
"3","5","28","-5","7","0","0","1","0","0","0","6","9","14","42","37","44","25","2016-09-21 08:40:00","66"
"3","5","28","-5","7","0","0","0","1","0","0","6","9","14","42","37","44","25","2016-09-21 09:00:00","104"
"3","5","28","-5","7","0","0","0","0","1","0","6","9","14","42","37","44","25","2016-09-21 09:20:00","100"
"3","5","28","-5","7","0","0","0","0","0","1","6","9","14","42","37","44","25","2016-09-21 09:40:00","80"
"18","-4","-11","15","18","1","0","0","0","0","0","63","81","77","66","81","99","77","2016-09-21 17:00:00","88"
"18","-4","-11","15","18","0","1","0","0","0","0","63","81","77","66","81","99","77","2016-09-21 17:20:00","77"
"18","-4","-11","15","18","0","0","1","0","0","0","63","81","77","66","81","99","77","2016-09-21 17:40:00","83"
"18","-4","-11","15","18","0","0","0","1","0","0","63","81","77","66","81","99","77","2016-09-21 18:00:00","58"
"18","-4","-11","15","18","0","0","0","0","1","0","63","81","77","66","81","99","77","2016-09-21 18:20:00","72"
"18","-4","-11","15","18","0","0","0","0","0","1","63","81","77","66","81","99","77","2016-09-21 18:40:00","49"
"1","7","34","7","21","1","0","0","0","0","0","30","31","38","72","79","100","58","2016-09-22 08:00:00","108"
"1","7","34","7","21","0","1","0","0","0","0","30","31","38","72","79","100","58","2016-09-22 08:20:00","110"
"1","7","34","7","21","0","0","1","0","0","0","30","31","38","72","79","100","58","2016-09-22 08:40:00","101"
"1","7","34","7","21","0","0","0","1","0","0","30","31","38","72","79","100","58","2016-09-22 09:00:00","96"
"1","7","34","7","21","0","0","0","0","1","0","30","31","38","72","79","100","58","2016-09-22 09:20:00","81"
"1","7","34","7","21","0","0","0","0","0","1","30","31","38","72","79","100","58","2016-09-22 09:40:00","65"
"11","-2","-20","42","3","1","0","0","0","0","0","62","73","71","51","93","96","74","2016-09-22 17:00:00","71"
"11","-2","-20","42","3","0","1","0","0","0","0","62","73","71","51","93","96","74","2016-09-22 17:20:00","76"
"11","-2","-20","42","3","0","0","1","0","0","0","62","73","71","51","93","96","74","2016-09-22 17:40:00","70"
"11","-2","-20","42","3","0","0","0","1","0","0","62","73","71","51","93","96","74","2016-09-22 18:00:00","83"
"11","-2","-20","42","3","0","0","0","0","1","0","62","73","71","51","93","96","74","2016-09-22 18:20:00","63"
"11","-2","-20","42","3","0","0","0","0","0","1","62","73","71","51","93","96","74","2016-09-22 18:40:00","53"
"1","22","28","9","12","1","0","0","0","0","0","31","32","54","82","91","103","65","2016-09-23 08:00:00","112"
"1","22","28","9","12","0","1","0","0","0","0","31","32","54","82","91","103","65","2016-09-23 08:20:00","106"
"1","22","28","9","12","0","0","1","0","0","0","31","32","54","82","91","103","65","2016-09-23 08:40:00","118"
"1","22","28","9","12","0","0","0","1","0","0","31","32","54","82","91","103","65","2016-09-23 09:00:00","92"
"1","22","28","9","12","0","0","0","0","1","0","31","32","54","82","91","103","65","2016-09-23 09:20:00","93"
"1","22","28","9","12","0","0","0","0","0","1","31","32","54","82","91","103","65","2016-09-23 09:40:00","76"
"-5","-11","-5","23","10","1","0","0","0","0","0","98","93","82","77","100","110","93","2016-09-23 17:00:00","95"
"-5","-11","-5","23","10","0","1","0","0","0","0","98","93","82","77","100","110","93","2016-09-23 17:20:00","92"
"-5","-11","-5","23","10","0","0","1","0","0","0","98","93","82","77","100","110","93","2016-09-23 17:40:00","95"
"-5","-11","-5","23","10","0","0","0","1","0","0","98","93","82","77","100","110","93","2016-09-23 18:00:00","80"
"-5","-11","-5","23","10","0","0","0","0","1","0","98","93","82","77","100","110","93","2016-09-23 18:20:00","71"
"-5","-11","-5","23","10","0","0","0","0","0","1","98","93","82","77","100","110","93","2016-09-23 18:40:00","80"
"1","14","1","18","18","1","0","0","0","0","0","30","31","45","46","64","82","49","2016-09-24 08:00:00","74"
"1","14","1","18","18","0","1","0","0","0","0","30","31","45","46","64","82","49","2016-09-24 08:20:00","86"
"1","14","1","18","18","0","0","1","0","0","0","30","31","45","46","64","82","49","2016-09-24 08:40:00","91"
"1","14","1","18","18","0","0","0","1","0","0","30","31","45","46","64","82","49","2016-09-24 09:00:00","94"
"1","14","1","18","18","0","0","0","0","1","0","30","31","45","46","64","82","49","2016-09-24 09:20:00","96"
"1","14","1","18","18","0","0","0","0","0","1","30","31","45","46","64","82","49","2016-09-24 09:40:00","100"
"9","5","-7","-4","6","1","0","0","0","0","0","80","89","94","87","83","89","87","2016-09-24 17:00:00","71"
"9","5","-7","-4","6","0","1","0","0","0","0","80","89","94","87","83","89","87","2016-09-24 17:20:00","89"
"9","5","-7","-4","6","0","0","1","0","0","0","80","89","94","87","83","89","87","2016-09-24 17:40:00","85"
"9","5","-7","-4","6","0","0","0","1","0","0","80","89","94","87","83","89","87","2016-09-24 18:00:00","34"
"9","5","-7","-4","6","0","0","0","0","0","1","80","89","94","87","83","89","87","2016-09-24 18:40:00","1"
"-1","7","6","1","6","1","0","0","0","0","0","3","2","9","15","16","22","11","2016-09-25 08:00:00","70"
"6","1","15","17","8","0","1","0","0","0","0","23","29","30","45","62","70","43","2016-09-25 08:20:00","75"
"6","1","15","17","8","0","0","1","0","0","0","23","29","30","45","62","70","43","2016-09-25 08:40:00","90"
"6","1","15","17","8","0","0","0","1","0","0","23","29","30","45","62","70","43","2016-09-25 09:00:00","64"
"6","1","15","17","8","0","0","0","0","1","0","23","29","30","45","62","70","43","2016-09-25 09:20:00","104"
"6","1","15","17","8","0","0","0","0","0","1","23","29","30","45","62","70","43","2016-09-25 09:40:00","93"
"-8","-14","15","10","0","1","0","0","0","0","0","91","83","69","84","94","94","85","2016-09-25 17:00:00","84"
"-28","1","16","-18","10","0","1","0","0","0","0","103","75","76","92","74","84","84","2016-09-25 17:20:00","77"
"-28","1","16","-18","10","0","0","1","0","0","0","103","75","76","92","74","84","84","2016-09-25 17:40:00","56"
"-28","1","16","-18","10","0","0","0","1","0","0","103","75","76","92","74","84","84","2016-09-25 18:00:00","71"
"-28","1","16","-18","10","0","0","0","0","1","0","103","75","76","92","74","84","84","2016-09-25 18:20:00","66"
"-28","1","16","-18","10","0","0","0","0","0","1","103","75","76","92","74","84","84","2016-09-25 18:40:00","41"
"1","9","2","14","-2","1","0","0","0","0","0","1","2","11","13","27","25","13","2016-09-26 08:00:00","117"
"33","15","26","12","-9","0","1","0","0","0","0","40","73","88","114","126","117","93","2016-09-26 08:20:00","130"
"33","15","26","12","-9","0","0","1","0","0","0","40","73","88","114","126","117","93","2016-09-26 08:40:00","121"
"33","15","26","12","-9","0","0","0","1","0","0","40","73","88","114","126","117","93","2016-09-26 09:00:00","126"
"33","15","26","12","-9","0","0","0","0","1","0","40","73","88","114","126","117","93","2016-09-26 09:20:00","120"
"33","15","26","12","-9","0","0","0","0","0","1","40","73","88","114","126","117","93","2016-09-26 09:40:00","81"
"13","-12","38","-13","-1","1","0","0","0","0","0","51","64","52","90","77","76","68","2016-09-26 17:00:00","71"
"1","-8","11","-2","-2","0","1","0","0","0","0","71","72","64","75","73","71","71","2016-09-26 17:20:00","67"
"1","-8","11","-2","-2","0","0","1","0","0","0","71","72","64","75","73","71","71","2016-09-26 17:40:00","63"
"1","-8","11","-2","-2","0","0","0","1","0","0","71","72","64","75","73","71","71","2016-09-26 18:00:00","63"
"1","-8","11","-2","-2","0","0","0","0","1","0","71","72","64","75","73","71","71","2016-09-26 18:20:00","52"
"1","-8","11","-2","-2","0","0","0","0","0","1","71","72","64","75","73","71","71","2016-09-26 18:40:00","48"
"2","15","-1","2","9","1","0","0","0","0","0","1","3","18","17","19","28","14","2016-09-27 08:00:00","128"
"12","8","38","15","24","0","1","0","0","0","0","31","43","51","89","104","128","74","2016-09-27 08:20:00","117"
"12","8","38","15","24","0","0","1","0","0","0","31","43","51","89","104","128","74","2016-09-27 08:40:00","131"
"12","8","38","15","24","0","0","0","1","0","0","31","43","51","89","104","128","74","2016-09-27 09:00:00","111"
"12","8","38","15","24","0","0","0","0","1","0","31","43","51","89","104","128","74","2016-09-27 09:20:00","90"
"12","8","38","15","24","0","0","0","0","0","1","31","43","51","89","104","128","74","2016-09-27 09:40:00","94"
"-50","19","4","11","2","1","0","0","0","0","0","82","32","51","55","66","68","59","2016-09-27 17:00:00","93"
"-13","0","-4","16","10","0","1","0","0","0","0","84","71","71","67","83","93","78","2016-09-27 17:20:00","21"
"-13","0","-4","16","10","0","0","1","0","0","0","84","71","71","67","83","93","78","2016-09-27 17:40:00","59"
"-13","0","-4","16","10","0","0","0","1","0","0","84","71","71","67","83","93","78","2016-09-27 18:00:00","43"
"-13","0","-4","16","10","0","0","0","0","1","0","84","71","71","67","83","93","78","2016-09-27 18:20:00","64"
"-13","0","-4","16","10","0","0","0","0","0","1","84","71","71","67","83","93","78","2016-09-27 18:40:00","60"
"-1","2","1","4","-3","1","0","0","0","0","0","2","1","3","4","8","5","3","2016-09-28 08:00:00","32"
"13","8","14","-14","-2","0","1","0","0","0","0","13","26","34","48","34","32","31","2016-09-28 08:20:00","41"
"13","8","14","-14","-2","0","0","1","0","0","0","13","26","34","48","34","32","31","2016-09-28 08:40:00","35"
"13","8","14","-14","-2","0","0","0","1","0","0","13","26","34","48","34","32","31","2016-09-28 09:00:00","35"
"13","8","14","-14","-2","0","0","0","0","1","0","13","26","34","48","34","32","31","2016-09-28 09:20:00","23"
"13","8","14","-14","-2","0","0","0","0","0","1","13","26","34","48","34","32","31","2016-09-28 09:40:00","21"
"0","-3","4","-9","4","1","0","0","0","0","0","15","15","12","16","7","11","12","2016-09-28 17:00:00","56"
"-5","8","11","47","-20","0","1","0","0","0","0","15","10","18","29","76","56","34","2016-09-28 17:20:00","79"
"-5","8","11","47","-20","0","0","1","0","0","0","15","10","18","29","76","56","34","2016-09-28 17:40:00","69"
"-5","8","11","47","-20","0","0","0","1","0","0","15","10","18","29","76","56","34","2016-09-28 18:00:00","43"
"-5","8","11","47","-20","0","0","0","0","1","0","15","10","18","29","76","56","34","2016-09-28 18:20:00","54"
"-5","8","11","47","-20","0","0","0","0","0","1","15","10","18","29","76","56","34","2016-09-28 18:40:00","52"
"3","8","-3","2","4","1","0","0","0","0","0","1","4","12","9","11","15","8","2016-09-29 08:00:00","105"
"18","36","4","16","17","0","1","0","0","0","0","14","32","68","72","88","105","63","2016-09-29 08:20:00","99"
"18","36","4","16","17","0","0","1","0","0","0","14","32","68","72","88","105","63","2016-09-29 08:40:00","114"
"18","36","4","16","17","0","0","0","1","0","0","14","32","68","72","88","105","63","2016-09-29 09:00:00","117"
"18","36","4","16","17","0","0","0","0","1","0","14","32","68","72","88","105","63","2016-09-29 09:20:00","102"
"18","36","4","16","17","0","0","0","0","0","1","14","32","68","72","88","105","63","2016-09-29 09:40:00","82"
"9","-9","1","-3","18","1","0","0","0","0","0","66","75","66","67","64","82","70","2016-09-29 17:00:00","78"
"7","-14","7","8","-8","0","1","0","0","0","0","78","85","71","78","86","78","79","2016-09-29 17:20:00","70"
"7","-14","7","8","-8","0","0","1","0","0","0","78","85","71","78","86","78","79","2016-09-29 17:40:00","71"
"7","-14","7","8","-8","0","0","0","1","0","0","78","85","71","78","86","78","79","2016-09-29 18:00:00","70"
"7","-14","7","8","-8","0","0","0","0","1","0","78","85","71","78","86","78","79","2016-09-29 18:20:00","67"
"7","-14","7","8","-8","0","0","0","0","0","1","78","85","71","78","86","78","79","2016-09-29 18:40:00","58"
"1","9","8","-3","19","1","0","0","0","0","0","1","2","11","19","16","35","14","2016-09-30 08:00:00","114"
"15","25","9","18","10","0","1","0","0","0","0","37","52","77","86","104","114","78","2016-09-30 08:20:00","104"
"15","25","9","18","10","0","0","1","0","0","0","37","52","77","86","104","114","78","2016-09-30 08:40:00","107"
"15","25","9","18","10","0","0","0","1","0","0","37","52","77","86","104","114","78","2016-09-30 09:00:00","91"
"15","25","9","18","10","0","0","0","0","1","0","37","52","77","86","104","114","78","2016-09-30 09:20:00","92"
"15","25","9","18","10","0","0","0","0","0","1","37","52","77","86","104","114","78","2016-09-30 09:40:00","75"
"17","-14","2","-42","69","1","0","0","0","0","0","106","123","109","111","69","138","109","2016-09-30 17:00:00","131"
"2","-6","19","-5","-12","0","1","0","0","0","0","133","135","129","148","143","131","136","2016-09-30 17:20:00","133"
"2","-6","19","-5","-12","0","0","1","0","0","0","133","135","129","148","143","131","136","2016-09-30 17:40:00","52"
"2","-6","19","-5","-12","0","0","0","1","0","0","133","135","129","148","143","131","136","2016-09-30 18:00:00","25"
"2","-6","19","-5","-12","0","0","0","0","1","0","133","135","129","148","143","131","136","2016-09-30 18:20:00","32"
"2","-6","19","-5","-12","0","0","0","0","0","1","133","135","129","148","143","131","136","2016-09-30 18:40:00","27"
"2","-1","11","-5","7","1","0","0","0","0","0","2","4","3","14","9","16","8","2016-10-01 08:00:00","14"
"3","6","-6","7","-6","0","1","0","0","0","0","10","13","19","13","20","14","14","2016-10-01 08:20:00","14"
"3","6","-6","7","-6","0","0","1","0","0","0","10","13","19","13","20","14","14","2016-10-01 08:40:00","10"
"3","6","-6","7","-6","0","0","0","1","0","0","10","13","19","13","20","14","14","2016-10-01 09:00:00","11"
"3","6","-6","7","-6","0","0","0","0","1","0","10","13","19","13","20","14","14","2016-10-01 09:20:00","13"
"3","6","-6","7","-6","0","0","0","0","0","1","10","13","19","13","20","14","14","2016-10-01 09:40:00","9"
"2","5","-9","3","-4","1","0","0","0","0","0","11","13","18","9","12","8","11","2016-10-01 17:00:00","12"
"0","3","-1","3","-1","0","1","0","0","0","0","8","8","11","10","13","12","10","2016-10-01 17:20:00","9"
"0","3","-1","3","-1","0","0","1","0","0","0","8","8","11","10","13","12","10","2016-10-01 17:40:00","4"
"0","3","-1","3","-1","0","0","0","1","0","0","8","8","11","10","13","12","10","2016-10-01 18:00:00","7"
"0","3","-1","3","-1","0","0","0","0","1","0","8","8","11","10","13","12","10","2016-10-01 18:20:00","6"
"0","3","-1","3","-1","0","0","0","0","0","1","8","8","11","10","13","12","10","2016-10-01 18:40:00","5"
"-2","-1","0","-1","0","0","1","0","0","0","0","6","4","3","3","2","2","3","2016-10-02 08:20:00","15"
"-4","0","1","1","12","0","0","1","0","0","0","5","1","1","2","3","15","4","2016-10-02 08:40:00","18"
"-4","0","1","1","12","0","0","0","1","0","0","5","1","1","2","3","15","4","2016-10-02 09:00:00","14"
"-4","0","1","1","12","0","0","0","0","1","0","5","1","1","2","3","15","4","2016-10-02 09:20:00","11"
"-4","0","1","1","12","0","0","0","0","0","1","5","1","1","2","3","15","4","2016-10-02 09:40:00","8"
"-1","-2","6","-1","-2","1","0","0","0","0","0","6","5","3","9","8","6","6","2016-10-02 17:00:00","11"
"-1","-2","6","-1","-2","0","1","0","0","0","0","6","5","3","9","8","6","6","2016-10-02 17:20:00","10"
"1","-5","0","3","-1","0","0","1","0","0","0","12","13","8","8","11","10","10","2016-10-02 17:40:00","4"
"1","-5","0","3","-1","0","0","0","1","0","0","12","13","8","8","11","10","10","2016-10-02 18:00:00","2"
"1","-5","0","3","-1","0","0","0","0","1","0","12","13","8","8","11","10","10","2016-10-02 18:20:00","3"
"1","-5","0","3","-1","0","0","0","0","0","1","12","13","8","8","11","10","10","2016-10-02 18:40:00","2"
"0","0","1","-1","3","1","0","0","0","0","0","1","1","1","2","1","4","1","2016-10-03 08:00:00","8"
"0","0","1","-1","3","0","1","0","0","0","0","1","1","1","2","1","4","1","2016-10-03 08:20:00","8"
"2","-2","5","1","0","0","0","1","0","0","0","2","4","2","7","8","8","5","2016-10-03 08:40:00","6"
"-8","3","-3","-1","-1","1","0","0","0","0","0","13","5","8","5","4","3","6","2016-10-03 17:00:00","5"
"-8","3","-3","-1","-1","0","1","0","0","0","0","13","5","8","5","4","3","6","2016-10-03 17:20:00","7"
"-8","3","-3","-1","-1","0","0","1","0","0","0","13","5","8","5","4","3","6","2016-10-03 17:40:00","5"
"-8","3","-3","-1","-1","0","0","0","1","0","0","13","5","8","5","4","3","6","2016-10-03 18:00:00","3"
"-8","3","-3","-1","-1","0","0","0","0","1","0","13","5","8","5","4","3","6","2016-10-03 18:20:00","9"
"-3","2","-2","-2","6","0","0","0","0","0","1","8","5","7","5","3","9","6","2016-10-03 18:40:00","4"
"0","1","0","4","-1","1","0","0","0","0","0","1","1","2","2","6","5","2","2016-10-04 08:00:00","4"
"0","1","0","4","-1","0","1","0","0","0","0","1","1","2","2","6","5","2","2016-10-04 08:20:00","8"
"0","1","0","4","-1","0","0","1","0","0","0","1","1","2","2","6","5","2","2016-10-04 08:40:00","8"
"0","1","0","4","-1","0","0","0","1","0","0","1","1","2","2","6","5","2","2016-10-04 09:00:00","10"
"0","1","0","4","-1","0","0","0","0","1","0","1","1","2","2","6","5","2","2016-10-04 09:20:00","9"
"-3","4","0","2","-1","0","0","0","0","0","1","7","4","8","8","10","9","7","2016-10-04 09:40:00","11"
"-5","-4","1","6","-6","1","0","0","0","0","0","21","16","12","13","19","13","15","2016-10-04 17:00:00","19"
"-5","-4","1","6","-6","0","1","0","0","0","0","21","16","12","13","19","13","15","2016-10-04 17:20:00","15"
"-5","-4","1","6","-6","0","0","1","0","0","0","21","16","12","13","19","13","15","2016-10-04 17:40:00","8"
"-5","-4","1","6","-6","0","0","0","1","0","0","21","16","12","13","19","13","15","2016-10-04 18:00:00","6"
"-5","-4","1","6","-6","0","0","0","0","1","0","21","16","12","13","19","13","15","2016-10-04 18:20:00","9"
"7","-4","-7","-2","3","0","0","0","0","0","1","12","19","15","8","6","9","11","2016-10-04 18:40:00","7"
"1","0","0","3","-1","1","0","0","0","0","0","1","2","2","2","5","4","2","2016-10-05 08:00:00","12"
"1","0","0","3","-1","0","1","0","0","0","0","1","2","2","2","5","4","2","2016-10-05 08:20:00","15"
"1","0","0","3","-1","0","0","1","0","0","0","1","2","2","2","5","4","2","2016-10-05 08:40:00","10"
"1","0","0","3","-1","0","0","0","1","0","0","1","2","2","2","5","4","2","2016-10-05 09:00:00","5"
"1","0","0","3","-1","0","0","0","0","1","0","1","2","2","2","5","4","2","2016-10-05 09:20:00","14"
"9","3","-5","-5","9","0","0","0","0","0","1","3","12","15","10","5","14","9","2016-10-05 09:40:00","10"
"-4","-3","2","7","0","1","0","0","0","0","0","18","14","11","13","20","20","16","2016-10-05 17:00:00","23"
"-4","-3","2","7","0","0","1","0","0","0","0","18","14","11","13","20","20","16","2016-10-05 17:20:00","16"
"-4","-3","2","7","0","0","0","1","0","0","0","18","14","11","13","20","20","16","2016-10-05 17:40:00","12"
"-4","-3","2","7","0","0","0","0","1","0","0","18","14","11","13","20","20","16","2016-10-05 18:00:00","10"
"-4","-3","2","7","0","0","0","0","0","1","0","18","14","11","13","20","20","16","2016-10-05 18:20:00","12"
"4","-7","-4","-2","2","0","0","0","0","0","1","19","23","16","12","10","12","15","2016-10-05 18:40:00","5"
"0","0","1","1","4","1","0","0","0","0","0","1","1","1","2","3","7","2","2016-10-06 08:00:00","8"
"0","0","1","1","4","0","1","0","0","0","0","1","1","1","2","3","7","2","2016-10-06 08:20:00","7"
"0","0","1","1","4","0","0","1","0","0","0","1","1","1","2","3","7","2","2016-10-06 08:40:00","19"
"0","0","1","1","4","0","0","0","1","0","0","1","1","1","2","3","7","2","2016-10-06 09:00:00","16"
"0","0","1","1","4","0","0","0","0","1","0","1","1","1","2","3","7","2","2016-10-06 09:20:00","12"
"-5","-1","12","-3","-4","0","0","0","0","0","1","13","8","7","19","16","12","12","2016-10-06 09:40:00","12"
"12","-10","-5","8","4","1","0","0","0","0","0","13","25","15","10","18","22","17","2016-10-06 17:00:00","18"
"12","-10","-5","8","4","0","1","0","0","0","0","13","25","15","10","18","22","17","2016-10-06 17:20:00","11"
"12","-10","-5","8","4","0","0","1","0","0","0","13","25","15","10","18","22","17","2016-10-06 17:40:00","11"
"12","-10","-5","8","4","0","0","0","1","0","0","13","25","15","10","18","22","17","2016-10-06 18:00:00","14"
"12","-10","-5","8","4","0","0","0","0","1","0","13","25","15","10","18","22","17","2016-10-06 18:20:00","5"
"7","-7","0","3","-9","0","0","0","0","0","1","11","18","11","11","14","5","11","2016-10-06 18:40:00","8"
"-1","1","0","0","6","1","0","0","0","0","0","2","1","2","2","2","8","2","2016-10-07 08:00:00","8"
"-1","1","0","0","6","0","1","0","0","0","0","2","1","2","2","2","8","2","2016-10-07 08:20:00","14"
"-1","1","0","0","6","0","0","1","0","0","0","2","1","2","2","2","8","2","2016-10-07 08:40:00","9"
"-1","1","0","0","6","0","0","0","1","0","0","2","1","2","2","2","8","2","2016-10-07 09:00:00","11"
"-1","1","0","0","6","0","0","0","0","1","0","2","1","2","2","2","8","2","2016-10-07 09:20:00","7"
"-1","6","-5","2","-4","0","0","0","0","0","1","9","8","14","9","11","7","9","2016-10-07 09:40:00","10"
"-3","5","-2","-4","-6","1","0","0","0","0","0","16","13","18","16","12","6","13","2016-10-07 17:00:00","7"
"-3","5","-2","-4","-6","0","1","0","0","0","0","16","13","18","16","12","6","13","2016-10-07 17:20:00","12"
"-3","5","-2","-4","-6","0","0","1","0","0","0","16","13","18","16","12","6","13","2016-10-07 17:40:00","9"
"-3","5","-2","-4","-6","0","0","0","1","0","0","16","13","18","16","12","6","13","2016-10-07 18:00:00","9"
"-3","5","-2","-4","-6","0","0","0","0","1","0","16","13","18","16","12","6","13","2016-10-07 18:20:00","6"
"-6","5","-3","0","-3","0","0","0","0","0","1","13","7","12","9","9","6","9","2016-10-07 18:40:00","6"
"16","2","10","35","5","1","0","0","0","0","0","9","25","27","37","72","77","41","2016-10-08 08:00:00","106"
"16","2","10","35","5","0","1","0","0","0","0","9","25","27","37","72","77","41","2016-10-08 08:20:00","93"
"16","2","10","35","5","0","0","1","0","0","0","9","25","27","37","72","77","41","2016-10-08 08:40:00","83"
"16","2","10","35","5","0","0","0","1","0","0","9","25","27","37","72","77","41","2016-10-08 09:00:00","83"
"16","2","10","35","5","0","0","0","0","1","0","9","25","27","37","72","77","41","2016-10-08 09:20:00","99"
"9","-13","-10","0","16","0","0","0","0","0","1","97","106","93","83","83","99","93","2016-10-08 09:40:00","86"
"22","3","0","-8","4","1","0","0","0","0","0","44","66","69","69","61","65","62","2016-10-08 17:00:00","63"
"22","3","0","-8","4","0","1","0","0","0","0","44","66","69","69","61","65","62","2016-10-08 17:20:00","60"
"22","3","0","-8","4","0","0","1","0","0","0","44","66","69","69","61","65","62","2016-10-08 17:40:00","60"
"22","3","0","-8","4","0","0","0","1","0","0","44","66","69","69","61","65","62","2016-10-08 18:00:00","46"
"22","3","0","-8","4","0","0","0","0","1","0","44","66","69","69","61","65","62","2016-10-08 18:20:00","54"
"7","-3","0","-14","8","0","0","0","0","0","1","56","63","60","60","46","54","56","2016-10-08 18:40:00","37"
"11","2","14","16","38","1","0","0","0","0","0","18","29","31","45","61","99","47","2016-10-09 08:00:00","125"
"11","2","14","16","38","0","1","0","0","0","0","18","29","31","45","61","99","47","2016-10-09 08:20:00","114"
"11","2","14","16","38","0","0","1","0","0","0","18","29","31","45","61","99","47","2016-10-09 08:40:00","113"
"11","2","14","16","38","0","0","0","1","0","0","18","29","31","45","61","99","47","2016-10-09 09:00:00","125"
"11","2","14","16","38","0","0","0","0","1","0","18","29","31","45","61","99","47","2016-10-09 09:20:00","94"
"25","-11","-1","12","-31","0","0","0","0","0","1","100","125","114","113","125","94","111","2016-10-09 09:40:00","80"
"9","-13","8","-9","3","1","0","0","0","0","0","65","74","61","69","60","63","65","2016-10-09 17:00:00","69"
"9","-13","8","-9","3","0","1","0","0","0","0","65","74","61","69","60","63","65","2016-10-09 17:20:00","83"
"9","-13","8","-9","3","0","0","1","0","0","0","65","74","61","69","60","63","65","2016-10-09 17:40:00","73"
"9","-13","8","-9","3","0","0","0","1","0","0","65","74","61","69","60","63","65","2016-10-09 18:00:00","70"
"9","-13","8","-9","3","0","0","0","0","1","0","65","74","61","69","60","63","65","2016-10-09 18:20:00","48"
"-3","14","-10","-3","-22","0","0","0","0","0","1","72","69","83","73","70","48","69","2016-10-09 18:40:00","54"
"-7","11","15","33","32","1","0","0","0","0","0","30","23","34","49","82","114","55","2016-10-10 08:00:00","129"
"-7","11","15","33","32","0","1","0","0","0","0","30","23","34","49","82","114","55","2016-10-10 08:20:00","120"
"-7","11","15","33","32","0","0","1","0","0","0","30","23","34","49","82","114","55","2016-10-10 08:40:00","117"
"-7","11","15","33","32","0","0","0","1","0","0","30","23","34","49","82","114","55","2016-10-10 09:00:00","121"
"-7","11","15","33","32","0","0","0","0","1","0","30","23","34","49","82","114","55","2016-10-10 09:20:00","92"
"14","-9","-3","4","-29","0","0","0","0","0","1","115","129","120","117","121","92","115","2016-10-10 09:40:00","90"
"-3","3","1","7","-10","1","0","0","0","0","0","69","66","69","70","77","67","69","2016-10-10 17:00:00","85"
"-3","3","1","7","-10","0","1","0","0","0","0","69","66","69","70","77","67","69","2016-10-10 17:20:00","65"
"-3","3","1","7","-10","0","0","1","0","0","0","69","66","69","70","77","67","69","2016-10-10 17:40:00","55"
"-3","3","1","7","-10","0","0","0","1","0","0","69","66","69","70","77","67","69","2016-10-10 18:00:00","59"
"-3","3","1","7","-10","0","0","0","0","1","0","69","66","69","70","77","67","69","2016-10-10 18:20:00","53"
"4","-20","-10","4","-6","0","0","0","0","0","1","81","85","65","55","59","53","66","2016-10-10 18:40:00","41"
"3","6","21","42","15","1","0","0","0","0","0","22","25","31","52","94","109","55","2016-10-11 08:00:00","122"
"3","6","21","42","15","0","1","0","0","0","0","22","25","31","52","94","109","55","2016-10-11 08:20:00","106"
"3","6","21","42","15","0","0","1","0","0","0","22","25","31","52","94","109","55","2016-10-11 08:40:00","123"
"3","6","21","42","15","0","0","0","1","0","0","22","25","31","52","94","109","55","2016-10-11 09:00:00","106"
"3","6","21","42","15","0","0","0","0","1","0","22","25","31","52","94","109","55","2016-10-11 09:20:00","92"
"19","-16","17","-17","-14","0","0","0","0","0","1","103","122","106","123","106","92","108","2016-10-11 09:40:00","71"
"9","8","-8","-16","16","1","0","0","0","0","0","70","79","87","79","63","79","76","2016-10-11 17:00:00","95"
"9","8","-8","-16","16","0","1","0","0","0","0","70","79","87","79","63","79","76","2016-10-11 17:20:00","66"
"9","8","-8","-16","16","0","0","1","0","0","0","70","79","87","79","63","79","76","2016-10-11 17:40:00","76"
"9","8","-8","-16","16","0","0","0","1","0","0","70","79","87","79","63","79","76","2016-10-11 18:00:00","54"
"9","8","-8","-16","16","0","0","0","0","1","0","70","79","87","79","63","79","76","2016-10-11 18:20:00","56"
"21","-29","10","-22","2","0","0","0","0","0","1","74","95","66","76","54","56","70","2016-10-11 18:40:00","50"
"17","-5","18","46","1","1","0","0","0","0","0","15","32","27","45","91","92","50","2016-10-12 08:00:00","129"
"17","-5","18","46","1","0","1","0","0","0","0","15","32","27","45","91","92","50","2016-10-12 08:20:00","124"
"17","-5","18","46","1","0","0","1","0","0","0","15","32","27","45","91","92","50","2016-10-12 08:40:00","114"
"17","-5","18","46","1","0","0","0","1","0","0","15","32","27","45","91","92","50","2016-10-12 09:00:00","112"
"17","-5","18","46","1","0","0","0","0","1","0","15","32","27","45","91","92","50","2016-10-12 09:20:00","108"
"10","-5","-10","-2","-4","0","0","0","0","0","1","119","129","124","114","112","108","117","2016-10-12 09:40:00","86"
"-6","17","-7","-1","-5","1","0","0","0","0","0","68","62","79","72","71","66","69","2016-10-12 17:00:00","81"
"-6","17","-7","-1","-5","0","1","0","0","0","0","68","62","79","72","71","66","69","2016-10-12 17:20:00","82"
"-6","17","-7","-1","-5","0","0","1","0","0","0","68","62","79","72","71","66","69","2016-10-12 17:40:00","76"
"-6","17","-7","-1","-5","0","0","0","1","0","0","68","62","79","72","71","66","69","2016-10-12 18:00:00","66"
"-6","17","-7","-1","-5","0","0","0","0","1","0","68","62","79","72","71","66","69","2016-10-12 18:20:00","66"
"-1","1","-6","-10","0","0","0","0","0","0","1","82","81","82","76","66","66","75","2016-10-12 18:40:00","55"
"9","31","12","25","16","1","0","0","0","0","0","14","23","54","66","91","107","59","2016-10-13 08:00:00","112"
"9","31","12","25","16","0","1","0","0","0","0","14","23","54","66","91","107","59","2016-10-13 08:20:00","121"
"9","31","12","25","16","0","0","1","0","0","0","14","23","54","66","91","107","59","2016-10-13 08:40:00","121"
"9","31","12","25","16","0","0","0","1","0","0","14","23","54","66","91","107","59","2016-10-13 09:00:00","127"
"9","31","12","25","16","0","0","0","0","1","0","14","23","54","66","91","107","59","2016-10-13 09:20:00","101"
"-33","9","0","6","-26","0","0","0","0","0","1","145","112","121","121","127","101","121","2016-10-13 09:40:00","77"
"8","-13","-6","9","-2","1","0","0","0","0","0","83","91","78","72","81","79","80","2016-10-13 17:00:00","77"
"8","-13","-6","9","-2","0","1","0","0","0","0","83","91","78","72","81","79","80","2016-10-13 17:20:00","80"
"8","-13","-6","9","-2","0","0","1","0","0","0","83","91","78","72","81","79","80","2016-10-13 17:40:00","80"
"8","-13","-6","9","-2","0","0","0","1","0","0","83","91","78","72","81","79","80","2016-10-13 18:00:00","73"
"8","-13","-6","9","-2","0","0","0","0","1","0","83","91","78","72","81","79","80","2016-10-13 18:20:00","70"
"3","3","0","-7","-3","0","0","0","0","0","1","74","77","80","80","73","70","75","2016-10-13 18:40:00","52"
"-2","25","2","40","9","1","0","0","0","0","0","22","20","45","47","87","96","52","2016-10-14 08:00:00","112"
"-2","25","2","40","9","0","1","0","0","0","0","22","20","45","47","87","96","52","2016-10-14 08:20:00","132"
"-2","25","2","40","9","0","0","1","0","0","0","22","20","45","47","87","96","52","2016-10-14 08:40:00","141"
"-2","25","2","40","9","0","0","0","1","0","0","22","20","45","47","87","96","52","2016-10-14 09:00:00","105"
"-2","25","2","40","9","0","0","0","0","1","0","22","20","45","47","87","96","52","2016-10-14 09:20:00","117"
"4","20","9","-36","12","0","0","0","0","0","1","108","112","132","141","105","117","119","2016-10-14 09:40:00","77"
"-1","23","-10","8","-8","1","0","0","0","0","0","82","81","104","94","102","94","92","2016-10-14 17:00:00","83"
"-1","23","-10","8","-8","0","1","0","0","0","0","82","81","104","94","102","94","92","2016-10-14 17:20:00","98"
"-1","23","-10","8","-8","0","0","1","0","0","0","82","81","104","94","102","94","92","2016-10-14 17:40:00","79"
"-1","23","-10","8","-8","0","0","0","1","0","0","82","81","104","94","102","94","92","2016-10-14 18:00:00","71"
"-1","23","-10","8","-8","0","0","0","0","1","0","82","81","104","94","102","94","92","2016-10-14 18:20:00","89"
"-4","15","-19","-8","18","0","0","0","0","0","1","87","83","98","79","71","89","84","2016-10-14 18:40:00","69"
"4","-7","7","-8","37","1","0","0","0","0","0","17","21","14","21","13","50","22","2016-10-15 08:00:00","101"
"4","-7","7","-8","37","0","1","0","0","0","0","17","21","14","21","13","50","22","2016-10-15 08:20:00","118"
"4","-7","7","-8","37","0","0","1","0","0","0","17","21","14","21","13","50","22","2016-10-15 08:40:00","103"
"4","-7","7","-8","37","0","0","0","1","0","0","17","21","14","21","13","50","22","2016-10-15 09:00:00","108"
"4","-7","7","-8","37","0","0","0","0","1","0","17","21","14","21","13","50","22","2016-10-15 09:20:00","124"
"20","17","-15","5","16","0","0","0","0","0","1","81","101","118","103","108","124","105","2016-10-15 09:40:00","95"
"12","10","6","-3","-6","1","0","0","0","0","0","60","72","82","88","85","79","77","2016-10-15 17:00:00","72"
"12","10","6","-3","-6","0","1","0","0","0","0","60","72","82","88","85","79","77","2016-10-15 17:20:00","84"
"12","10","6","-3","-6","0","0","1","0","0","0","60","72","82","88","85","79","77","2016-10-15 17:40:00","50"
"12","10","6","-3","-6","0","0","0","1","0","0","60","72","82","88","85","79","77","2016-10-15 18:00:00","41"
"12","10","6","-3","-6","0","0","0","0","1","0","60","72","82","88","85","79","77","2016-10-15 18:20:00","35"
"-19","12","-34","-9","-6","0","0","0","0","0","1","91","72","84","50","41","35","62","2016-10-15 18:40:00","37"
"-8","22","0","6","29","1","0","0","0","0","0","20","12","34","34","40","69","34","2016-10-16 08:00:00","81"
"-8","22","0","6","29","0","1","0","0","0","0","20","12","34","34","40","69","34","2016-10-16 08:20:00","92"
"-8","22","0","6","29","0","0","1","0","0","0","20","12","34","34","40","69","34","2016-10-16 08:40:00","99"
"-8","22","0","6","29","0","0","0","1","0","0","20","12","34","34","40","69","34","2016-10-16 09:00:00","95"
"-8","22","0","6","29","0","0","0","0","1","0","20","12","34","34","40","69","34","2016-10-16 09:20:00","107"
"23","11","7","-4","12","0","0","0","0","0","1","58","81","92","99","95","107","88","2016-10-16 09:40:00","87"
"15","8","-17","15","14","1","0","0","0","0","0","63","78","86","69","84","98","79","2016-10-16 17:00:00","82"
"15","8","-17","15","14","0","1","0","0","0","0","63","78","86","69","84","98","79","2016-10-16 17:20:00","65"
"15","8","-17","15","14","0","0","1","0","0","0","63","78","86","69","84","98","79","2016-10-16 17:40:00","74"
"15","8","-17","15","14","0","0","0","1","0","0","63","78","86","69","84","98","79","2016-10-16 18:00:00","46"
"15","8","-17","15","14","0","0","0","0","1","0","63","78","86","69","84","98","79","2016-10-16 18:20:00","54"
"11","-17","9","-28","8","0","0","0","0","0","1","71","82","65","74","46","54","65","2016-10-16 18:40:00","32"
"8","14","7","32","41","1","0","0","0","0","0","23","31","45","52","84","125","60","2016-10-17 08:00:00","130"
"8","14","7","32","41","0","1","0","0","0","0","23","31","45","52","84","125","60","2016-10-17 08:20:00","133"
"8","14","7","32","41","0","0","1","0","0","0","23","31","45","52","84","125","60","2016-10-17 08:40:00","109"
"8","14","7","32","41","0","0","0","1","0","0","23","31","45","52","84","125","60","2016-10-17 09:00:00","114"
"8","14","7","32","41","0","0","0","0","1","0","23","31","45","52","84","125","60","2016-10-17 09:20:00","102"
"11","3","-24","5","-12","0","0","0","0","0","1","119","130","133","109","114","102","117","2016-10-17 09:40:00","91"
"-3","31","-8","-8","24","1","0","0","0","0","0","56","53","84","76","68","92","71","2016-10-17 17:00:00","86"
"-3","31","-8","-8","24","0","1","0","0","0","0","56","53","84","76","68","92","71","2016-10-17 17:20:00","83"
"-3","31","-8","-8","24","0","0","1","0","0","0","56","53","84","76","68","92","71","2016-10-17 17:40:00","58"
"-3","31","-8","-8","24","0","0","0","1","0","0","56","53","84","76","68","92","71","2016-10-17 18:00:00","56"
"-3","31","-8","-8","24","0","0","0","0","1","0","56","53","84","76","68","92","71","2016-10-17 18:20:00","53"
"14","-3","-25","-2","-3","0","0","0","0","0","1","72","86","83","58","56","53","68","2016-10-17 18:40:00","53"
