time,entry_dir,no_etc,use_etc,pre_3min_dir,pre_3min_etc,pre_3min_no_etc,pre_5min_dir,pre_5min_etc,pre_5min_no_etc,pre_7min_dir,pre_7min_etc,pre_7min_no_etc,pre_10min_dir,pre_10min_etc,pre_10min_no_etc,etc_rate
2016/9/19 0:00,13,9,4,0,0,0,0,0,0,0,0,0,0,0,0,0.692307692
2016/9/19 0:20,6,5,1,5,3,2,6,3,3,8,3,5,8,3,5,0.833333333
2016/9/19 0:40,9,8,1,1,0,1,2,0,2,3,0,3,3,0,3,0.888888889
2016/9/19 1:00,10,9,1,1,0,1,2,0,2,3,0,3,3,0,3,0.9
2016/9/19 1:20,14,11,3,3,0,3,4,0,4,6,0,6,9,1,8,0.785714286
2016/9/19 1:40,10,10,0,0,0,0,0,0,0,2,1,1,6,1,5,1
2016/9/19 2:00,7,6,1,3,0,3,5,0,5,5,0,5,7,0,7,0.857142857
2016/9/19 2:20,10,9,1,1,0,1,2,0,2,4,0,4,4,0,4,0.9
2016/9/19 2:40,6,6,0,1,0,1,4,0,4,4,0,4,4,0,4,1
2016/9/19 3:00,9,9,0,0,0,0,1,0,1,1,0,1,2,0,2,1
2016/9/19 3:20,4,3,1,0,0,0,2,0,2,5,0,5,5,0,5,0.75
2016/9/19 3:40,9,7,2,0,0,0,0,0,0,1,1,0,2,1,1,0.777777778
2016/9/19 4:00,10,10,0,2,0,2,2,0,2,3,0,3,4,0,4,1
2016/9/19 4:20,13,13,0,3,0,3,3,0,3,4,0,4,5,0,5,1
2016/9/19 4:40,12,12,0,4,0,4,6,0,6,6,0,6,7,0,7,1
2016/9/19 5:00,2,2,0,4,0,4,4,0,4,4,0,4,6,0,6,1
2016/9/19 5:20,8,6,2,0,0,0,0,0,0,0,0,0,0,0,0,0.75
2016/9/19 5:40,13,11,2,0,0,0,5,2,3,5,2,3,7,2,5,0.846153846
2016/9/19 6:00,8,6,2,2,0,2,4,1,3,5,2,3,7,2,5,0.75
2016/9/19 6:20,13,8,5,3,2,1,4,2,2,4,2,2,4,2,2,0.615384615
2016/9/19 6:40,32,23,9,1,1,0,3,2,1,4,3,1,7,3,4,0.71875
2016/9/19 7:00,39,29,10,3,2,1,5,2,3,9,2,7,13,4,9,0.743589744
2016/9/19 7:20,31,20,11,6,2,4,12,2,10,18,4,14,20,5,15,0.64516129
2016/9/19 7:40,43,27,16,7,4,3,9,5,4,11,6,5,16,7,9,0.627906977
2016/9/19 8:00,46,29,17,9,4,5,14,5,9,17,6,11,23,9,14,0.630434783
2016/9/19 8:20,56,39,17,8,5,3,12,7,5,17,9,8,26,13,13,0.696428571
2016/9/19 8:40,41,32,9,13,6,7,16,7,9,21,8,13,25,9,16,0.780487805
2016/9/19 9:00,50,32,18,3,1,2,5,1,4,9,3,6,24,5,19,0.64
2016/9/19 9:20,49,39,10,7,2,5,12,2,10,18,4,14,22,6,16,0.795918367
2016/9/19 9:40,44,41,3,6,1,5,10,2,8,21,5,16,28,7,21,0.931818182
2016/9/19 10:00,44,37,7,7,2,5,11,2,9,13,2,11,21,3,18,0.840909091
2016/9/19 10:20,44,38,6,8,1,7,13,1,12,17,1,16,24,3,21,0.863636364
2016/9/19 10:40,44,34,10,8,3,5,14,4,10,19,5,14,24,5,19,0.772727273
2016/9/19 11:00,39,30,9,7,2,5,13,4,9,14,4,10,21,6,15,0.769230769
2016/9/19 11:20,30,23,7,5,1,4,12,2,10,14,3,11,23,5,18,0.766666667
2016/9/19 11:40,34,24,10,4,1,3,7,1,6,12,1,11,16,2,14,0.705882353
2016/9/19 12:00,45,37,8,6,0,6,9,1,8,12,2,10,20,3,17,0.822222222
2016/9/19 12:20,44,30,14,7,2,5,16,2,14,23,3,20,31,5,26,0.681818182
2016/9/19 12:40,53,35,18,4,0,4,12,6,6,18,6,12,26,11,15,0.660377358
2016/9/19 13:00,57,40,17,14,7,7,18,9,9,20,9,11,27,11,16,0.701754386
2016/9/19 13:20,61,44,17,8,3,5,17,6,11,23,8,15,38,12,26,0.721311475
2016/9/19 13:40,53,36,17,7,2,5,16,4,12,24,6,18,31,8,23,0.679245283
2016/9/19 14:00,55,40,15,9,3,6,14,5,9,16,5,11,25,7,18,0.727272727
2016/9/19 14:20,52,42,10,3,0,3,10,1,9,12,2,10,26,7,19,0.807692308
2016/9/19 14:40,52,38,14,6,0,6,10,0,10,13,0,13,23,3,20,0.730769231
2016/9/19 15:00,48,33,15,8,2,6,11,4,7,20,5,15,25,5,20,0.6875
2016/9/19 15:20,57,49,8,4,0,4,8,1,7,11,3,8,16,5,11,0.859649123
2016/9/19 15:40,43,33,10,9,0,9,14,2,12,20,2,18,31,4,27,0.76744186
2016/9/19 16:00,42,31,11,10,0,10,13,1,12,17,1,16,23,2,21,0.738095238
2016/9/19 16:20,46,35,11,5,1,4,14,3,11,16,3,13,21,4,17,0.760869565
2016/9/19 16:40,55,36,19,6,2,4,11,3,8,15,6,9,21,6,15,0.654545455
2016/9/19 17:00,36,29,7,5,2,3,17,8,9,25,10,15,35,15,20,0.805555556
2016/9/19 17:20,34,26,8,5,0,5,10,1,9,14,2,12,22,5,17,0.764705882
2016/9/19 17:40,24,16,8,6,1,5,12,2,10,14,2,12,19,4,15,0.666666667
2016/9/19 18:00,29,18,11,5,2,3,5,2,3,7,2,5,14,4,10,0.620689655
2016/9/19 18:20,27,22,5,5,2,3,8,2,6,11,3,8,16,6,10,0.814814815
2016/9/19 18:40,18,17,1,2,0,2,6,2,4,8,3,5,12,4,8,0.944444444
2016/9/19 19:00,13,9,4,1,0,1,3,0,3,4,0,4,7,0,7,0.692307692
2016/9/19 19:20,22,17,5,0,0,0,0,0,0,0,0,0,3,1,2,0.772727273
2016/9/19 19:40,27,21,6,8,1,7,9,2,7,10,2,8,12,3,9,0.777777778
2016/9/19 20:00,17,11,6,1,0,1,3,0,3,7,1,6,10,2,8,0.647058824
2016/9/19 20:20,16,12,4,1,0,1,1,0,1,2,0,2,8,0,8,0.75
2016/9/19 20:40,17,13,4,1,0,1,2,1,1,2,1,1,3,2,1,0.764705882
2016/9/19 21:00,17,13,4,3,1,2,3,1,2,4,1,3,9,2,7,0.764705882
2016/9/19 21:20,22,13,9,0,0,0,2,0,2,4,2,2,6,2,4,0.590909091
2016/9/19 21:40,5,4,1,7,2,5,7,2,5,9,3,6,12,5,7,0.8
2016/9/19 22:00,4,4,0,0,0,0,0,0,0,0,0,0,1,1,0,1
2016/9/19 22:20,9,7,2,0,0,0,0,0,0,1,0,1,1,0,1,0.777777778
2016/9/19 22:40,3,1,2,2,0,2,2,0,2,5,2,3,7,2,5,0.333333333
2016/9/19 23:00,1,0,1,0,0,0,0,0,0,0,0,0,0,0,0,0
2016/9/19 23:20,7,6,1,1,1,0,1,1,0,1,1,0,1,1,0,0.857142857
2016/9/19 23:40,6,4,2,2,0,2,2,0,2,2,0,2,6,1,5,0.666666667
2016/9/20 0:00,14,13,1,0,0,0,1,0,1,2,0,2,2,0,2,0.928571429
2016/9/20 0:20,13,13,0,2,0,2,3,0,3,3,0,3,5,0,5,1
2016/9/20 0:40,7,6,1,3,0,3,4,0,4,7,0,7,7,0,7,0.857142857
2016/9/20 1:00,6,4,2,1,0,1,2,1,1,2,1,1,4,1,3,0.666666667
2016/9/20 1:20,5,4,1,2,1,1,2,1,1,3,1,2,3,1,2,0.8
2016/9/20 1:40,5,4,1,1,0,1,1,0,1,1,0,1,2,0,2,0.8
2016/9/20 2:00,6,6,0,1,0,1,4,1,3,4,1,3,4,1,3,1
2016/9/20 2:20,9,7,2,1,0,1,3,0,3,3,0,3,3,0,3,0.777777778
2016/9/20 2:40,7,7,0,0,0,0,2,0,2,3,0,3,3,0,3,1
2016/9/20 3:00,10,10,0,0,0,0,1,0,1,2,0,2,3,0,3,1
2016/9/20 3:20,8,8,0,1,0,1,3,0,3,3,0,3,5,0,5,1
2016/9/20 3:40,5,5,0,2,0,2,4,0,4,4,0,4,5,0,5,1
2016/9/20 4:00,11,11,0,3,0,3,3,0,3,3,0,3,4,0,4,1
2016/9/20 4:20,8,7,1,1,0,1,1,0,1,3,0,3,5,0,5,0.875
2016/9/20 4:40,15,14,1,3,1,2,3,1,2,4,1,3,4,1,3,0.933333333
2016/9/20 5:00,9,8,1,3,0,3,7,0,7,9,0,9,11,1,10,0.888888889
2016/9/20 5:20,4,4,0,0,0,0,1,0,1,2,0,2,2,0,2,1
2016/9/20 5:40,10,8,2,2,0,2,2,0,2,2,0,2,2,0,2,0.8
2016/9/20 6:00,13,9,4,0,0,0,1,0,1,2,0,2,5,0,5,0.692307692
2016/9/20 6:20,20,16,4,2,1,1,5,2,3,6,3,3,7,3,4,0.8
2016/9/20 6:40,29,21,8,3,1,2,3,1,2,8,3,5,10,3,7,0.724137931
2016/9/20 7:00,38,24,14,4,1,3,7,3,4,14,5,9,21,5,16,0.631578947
2016/9/20 7:20,30,23,7,4,2,2,13,3,10,16,4,12,23,7,16,0.766666667
2016/9/20 7:40,31,22,9,7,1,6,9,1,8,13,2,11,18,2,16,0.709677419
2016/9/20 8:00,53,32,21,5,2,3,6,2,4,12,4,8,17,4,13,0.603773585
2016/9/20 8:20,50,29,21,7,3,4,11,5,6,13,6,7,22,12,10,0.58
2016/9/20 8:40,45,30,15,6,2,4,11,4,7,21,7,14,29,13,16,0.666666667
2016/9/20 9:00,51,38,13,3,2,1,8,4,4,18,7,11,24,11,13,0.745098039
2016/9/20 9:20,68,47,21,6,1,5,7,1,6,13,2,11,19,3,16,0.691176471
2016/9/20 9:40,59,45,14,11,4,7,18,6,12,21,6,15,32,10,22,0.762711864
2016/9/20 10:00,56,46,10,7,2,5,12,4,8,17,4,13,23,4,19,0.821428571
2016/9/20 10:20,60,46,14,8,3,5,14,3,11,18,3,15,27,3,24,0.766666667
2016/9/20 10:40,63,51,12,4,1,3,11,5,6,13,5,8,20,6,14,0.80952381
2016/9/20 11:00,57,41,16,11,1,10,19,3,16,26,4,22,39,6,33,0.719298246
2016/9/20 11:20,64,47,17,10,3,7,15,5,10,18,6,12,24,8,16,0.734375
2016/9/20 11:40,50,43,7,8,2,6,11,3,8,17,3,14,32,8,24,0.86
2016/9/20 12:00,53,36,17,8,0,8,14,1,13,20,2,18,27,2,25,0.679245283
2016/9/20 12:20,62,41,21,11,3,8,15,5,10,21,9,12,31,12,19,0.661290323
2016/9/20 12:40,75,55,20,14,2,12,19,3,16,22,5,17,35,11,24,0.733333333
2016/9/20 13:00,98,75,23,16,2,14,19,3,16,27,8,19,40,10,30,0.765306122
2016/9/20 13:20,82,57,25,16,4,12,25,5,20,36,9,27,50,12,38,0.695121951
2016/9/20 13:40,84,62,22,15,4,11,20,4,16,25,5,20,37,9,28,0.738095238
2016/9/20 14:00,81,67,14,14,1,13,17,1,16,28,5,23,43,8,35,0.827160494
2016/9/20 14:20,90,71,19,14,1,13,22,1,21,31,3,28,45,7,38,0.788888889
2016/9/20 14:40,67,56,11,16,4,12,27,7,20,37,7,30,48,9,39,0.835820896
2016/9/20 15:00,71,55,16,9,1,8,16,2,14,21,3,18,33,4,29,0.774647887
2016/9/20 15:20,64,49,15,11,4,7,19,5,14,29,7,22,39,8,31,0.765625
2016/9/20 15:40,73,59,14,12,3,9,18,5,13,24,7,17,31,8,23,0.808219178
2016/9/20 16:00,48,31,17,10,1,9,14,1,13,20,1,19,38,6,32,0.645833333
2016/9/20 16:20,57,43,14,8,4,4,10,5,5,13,5,8,16,6,10,0.754385965
2016/9/20 16:40,48,34,14,13,3,10,18,3,15,21,4,17,28,4,24,0.708333333
2016/9/20 17:00,38,29,9,7,1,6,12,3,9,16,3,13,24,5,19,0.763157895
2016/9/20 17:20,42,28,14,4,0,4,8,1,7,14,2,12,21,5,16,0.666666667
2016/9/20 17:40,38,23,15,6,2,4,14,4,10,18,5,13,25,8,17,0.605263158
2016/9/20 18:00,26,22,4,5,4,1,6,5,1,8,5,3,18,7,11,0.846153846
2016/9/20 18:20,29,19,10,1,0,1,3,0,3,3,0,3,10,1,9,0.655172414
2016/9/20 18:40,20,14,6,1,0,1,4,2,2,7,3,4,11,3,8,0.7
2016/9/20 19:00,17,12,5,2,1,1,4,1,3,8,3,5,9,4,5,0.705882353
2016/9/20 19:20,29,19,10,4,1,3,5,2,3,5,2,3,6,2,4,0.655172414
2016/9/20 19:40,21,12,9,4,1,3,6,1,5,8,1,7,13,3,10,0.571428571
2016/9/20 20:00,12,8,4,2,0,2,6,2,4,6,2,4,13,5,8,0.666666667
2016/9/20 20:20,16,8,8,4,1,3,6,2,4,8,3,5,9,3,6,0.5
2016/9/20 20:40,16,12,4,5,3,2,6,3,3,9,5,4,9,5,4,0.75
2016/9/20 21:00,17,8,9,2,1,1,3,1,2,3,1,2,6,1,5,0.470588235
2016/9/20 21:20,29,26,3,2,1,1,4,1,3,4,1,3,6,2,4,0.896551724
2016/9/20 21:40,37,35,2,2,0,2,5,0,5,8,0,8,15,1,14,0.945945946
2016/9/20 22:00,30,25,5,7,0,7,9,0,9,11,0,11,20,0,20,0.833333333
2016/9/20 22:20,17,17,0,4,1,3,8,2,6,11,3,8,12,3,9,1
2016/9/20 22:40,19,18,1,2,0,2,4,0,4,5,0,5,7,0,7,0.947368421
2016/9/20 23:00,20,20,0,5,0,5,6,0,6,8,0,8,10,0,10,1
2016/9/20 23:20,7,5,2,1,0,1,3,0,3,5,0,5,7,0,7,0.714285714
2016/9/20 23:40,11,9,2,0,0,0,0,0,0,0,0,0,1,0,1,0.818181818
2016/9/21 0:00,12,11,1,2,0,2,3,0,3,8,1,7,9,1,8,0.916666667
2016/9/21 0:20,6,6,0,2,0,2,2,0,2,4,1,3,4,1,3,1
2016/9/21 0:40,7,5,2,2,0,2,3,0,3,3,0,3,3,0,3,0.714285714
2016/9/21 1:00,7,6,1,0,0,0,0,0,0,1,0,1,2,0,2,0.857142857
2016/9/21 1:20,4,1,3,0,0,0,1,0,1,2,0,2,3,1,2,0.25
2016/9/21 1:40,6,6,0,0,0,0,2,2,0,2,2,0,2,2,0,1
2016/9/21 2:00,6,6,0,1,0,1,1,0,1,2,0,2,3,0,3,1
2016/9/21 2:20,10,8,2,0,0,0,1,0,1,2,0,2,3,0,3,0.8
2016/9/21 2:40,6,6,0,3,0,3,4,1,3,4,1,3,5,1,4,1
2016/9/21 3:00,5,4,1,0,0,0,0,0,0,2,0,2,3,0,3,0.8
2016/9/21 3:20,6,6,0,2,1,1,2,1,1,3,1,2,3,1,2,1
2016/9/21 3:40,10,8,2,1,0,1,1,0,1,2,0,2,2,0,2,0.8
2016/9/21 4:00,16,15,1,1,0,1,1,0,1,4,2,2,6,2,4,0.9375
2016/9/21 4:20,14,14,0,0,0,0,2,0,2,5,0,5,7,0,7,1
2016/9/21 4:40,11,11,0,3,0,3,5,0,5,9,0,9,9,0,9,1
2016/9/21 5:00,10,9,1,2,0,2,3,0,3,6,0,6,6,0,6,0.9
2016/9/21 5:20,14,13,1,1,0,1,2,0,2,4,0,4,4,0,4,0.928571429
2016/9/21 5:40,28,27,1,2,0,2,3,1,2,5,1,4,8,1,7,0.964285714
2016/9/21 6:00,36,31,5,5,1,4,9,1,8,11,1,10,12,1,11,0.861111111
2016/9/21 6:20,41,38,3,3,1,2,6,2,4,11,4,7,17,5,12,0.926829268
2016/9/21 6:40,75,65,10,5,2,3,10,2,8,16,2,14,21,2,19,0.866666667
2016/9/21 7:00,78,68,10,13,3,10,18,3,15,25,4,21,36,5,31,0.871794872
2016/9/21 7:20,84,78,6,21,2,19,32,2,30,38,5,33,53,8,45,0.928571429
2016/9/21 7:40,95,78,17,12,0,12,20,0,20,29,1,28,46,3,43,0.821052632
2016/9/21 8:00,122,108,14,18,1,17,26,2,24,33,5,28,49,6,43,0.885245902
2016/9/21 8:20,126,118,8,24,4,20,34,4,30,44,5,39,59,7,52,0.936507937
2016/9/21 8:40,77,62,15,24,2,22,37,2,35,53,2,51,68,2,66,0.805194805
2016/9/21 9:00,49,36,13,11,2,9,14,2,12,22,5,17,28,7,21,0.734693878
2016/9/21 9:20,55,42,13,5,2,3,12,6,6,16,6,10,21,7,14,0.763636364
2016/9/21 9:40,53,47,6,6,1,5,11,4,7,15,5,10,24,7,17,0.886792453
2016/9/21 10:00,36,30,6,5,0,5,9,1,8,12,2,10,19,3,16,0.833333333
2016/9/21 10:20,57,46,11,4,1,3,5,1,4,8,1,7,12,1,11,0.807017544
2016/9/21 10:40,37,29,8,16,3,13,22,3,19,25,3,22,39,6,33,0.783783784
2016/9/21 11:00,32,26,6,4,2,2,6,2,4,8,2,6,12,5,7,0.8125
2016/9/21 11:20,27,21,6,2,0,2,4,1,3,10,2,8,15,4,11,0.777777778
2016/9/21 11:40,32,27,5,4,1,3,7,1,6,8,1,7,12,1,11,0.84375
2016/9/21 12:00,45,32,13,4,1,3,8,1,7,10,1,9,18,3,15,0.711111111
2016/9/21 12:20,42,26,16,8,4,4,12,4,8,19,6,13,21,6,15,0.619047619
2016/9/21 12:40,38,23,15,6,1,5,13,6,7,16,7,9,24,8,16,0.605263158
2016/9/21 13:00,44,35,9,4,2,2,9,5,4,16,7,9,21,10,11,0.795454545
2016/9/21 13:20,41,32,9,5,1,4,9,2,7,15,4,11,23,4,19,0.780487805
2016/9/21 13:40,51,37,14,7,0,7,10,0,10,13,2,11,17,2,15,0.725490196
2016/9/21 14:00,53,36,17,6,3,3,12,4,8,16,4,12,23,6,17,0.679245283
2016/9/21 14:20,43,33,10,3,0,3,10,2,8,16,6,10,22,9,13,0.76744186
2016/9/21 14:40,54,40,14,4,1,3,10,2,8,12,2,10,16,3,13,0.740740741
2016/9/21 15:00,48,39,9,8,1,7,13,2,11,19,4,15,27,6,21,0.8125
2016/9/21 15:20,46,33,13,5,1,4,7,1,6,12,2,10,19,4,15,0.717391304
2016/9/21 15:40,49,31,18,6,0,6,8,0,8,9,1,8,15,2,13,0.632653061
2016/9/21 16:00,46,34,12,10,4,6,14,5,9,17,6,11,25,10,15,0.739130435
2016/9/21 16:20,45,33,12,10,3,7,15,4,11,20,4,16,24,7,17,0.733333333
2016/9/21 16:40,46,32,14,4,1,3,13,2,11,16,4,12,22,5,17,0.695652174
2016/9/21 17:00,47,39,8,9,6,3,13,6,7,18,8,10,23,8,15,0.829787234
2016/9/21 17:20,35,23,12,11,2,9,13,2,11,17,2,15,23,3,20,0.657142857
2016/9/21 17:40,20,11,9,3,0,3,5,1,4,10,2,8,17,3,14,0.55
2016/9/21 18:00,20,14,6,2,1,1,5,1,4,5,1,4,10,3,7,0.7
2016/9/21 18:20,20,16,4,2,0,2,4,0,4,7,1,6,13,4,9,0.8
2016/9/21 18:40,24,16,8,2,0,2,2,0,2,3,0,3,7,1,6,0.666666667
2016/9/21 19:00,19,16,3,4,1,3,5,1,4,8,3,5,11,5,6,0.842105263
2016/9/21 19:20,19,13,6,2,0,2,7,1,6,9,1,8,11,1,10,0.684210526
2016/9/21 19:40,25,16,9,6,3,3,8,3,5,9,3,6,11,3,8,0.64
2016/9/21 20:00,20,13,7,5,4,1,6,4,2,7,5,2,13,6,7,0.65
2016/9/21 20:20,15,11,4,1,0,1,1,0,1,4,1,3,8,3,5,0.733333333
2016/9/21 20:40,30,25,5,0,0,0,4,3,1,8,4,4,10,4,6,0.833333333
2016/9/21 21:00,13,9,4,6,1,5,7,1,6,8,2,6,14,2,12,0.692307692
2016/9/21 21:20,18,15,3,4,1,3,5,1,4,5,1,4,6,2,4,0.833333333
2016/9/21 21:40,11,8,3,6,0,6,9,1,8,10,2,8,11,2,9,0.727272727
2016/9/21 22:00,11,7,4,0,0,0,1,0,1,2,0,2,4,1,3,0.636363636
2016/9/21 22:20,8,3,5,3,1,2,3,1,2,5,2,3,6,2,4,0.375
2016/9/21 22:40,7,5,2,0,0,0,0,0,0,1,1,0,3,3,0,0.714285714
2016/9/21 23:00,19,17,2,0,0,0,0,0,0,1,0,1,1,0,1,0.894736842
2016/9/21 23:20,13,13,0,8,1,7,10,1,9,12,2,10,12,2,10,1
2016/9/21 23:40,16,15,1,2,0,2,3,0,3,4,0,4,6,0,6,0.9375
2016/9/22 0:00,17,14,3,3,0,3,4,0,4,5,0,5,8,0,8,0.823529412
2016/9/22 0:20,5,4,1,3,0,3,5,1,4,8,1,7,9,2,7,0.8
2016/9/22 0:40,16,14,2,1,0,1,1,0,1,1,0,1,2,0,2,0.875
2016/9/22 1:00,6,6,0,5,1,4,5,1,4,7,1,6,8,1,7,1
2016/9/22 1:20,9,9,0,0,0,0,1,0,1,2,0,2,4,0,4,1
2016/9/22 1:40,12,11,1,0,0,0,1,0,1,2,0,2,4,0,4,0.916666667
2016/9/22 2:00,4,4,0,1,0,1,1,0,1,5,1,4,6,1,5,1
2016/9/22 2:20,8,7,1,1,0,1,1,0,1,1,0,1,3,0,3,0.875
2016/9/22 2:40,10,9,1,0,0,0,1,0,1,1,0,1,2,0,2,0.9
2016/9/22 3:00,7,6,1,3,0,3,4,1,3,5,1,4,5,1,4,0.857142857
2016/9/22 3:20,8,7,1,2,0,2,3,0,3,4,0,4,5,0,5,0.875
2016/9/22 3:40,6,5,1,1,0,1,1,0,1,2,0,2,4,0,4,0.833333333
2016/9/22 4:00,4,4,0,0,0,0,1,0,1,1,0,1,2,1,1,1
2016/9/22 4:20,10,9,1,3,0,3,3,0,3,3,0,3,3,0,3,0.9
2016/9/22 4:40,11,11,0,2,0,2,2,0,2,3,0,3,4,0,4,1
2016/9/22 5:00,5,5,0,0,0,0,0,0,0,2,0,2,6,0,6,1
2016/9/22 5:20,2,1,1,0,0,0,1,0,1,2,0,2,2,0,2,0.5
2016/9/22 5:40,3,2,1,1,0,1,1,0,1,1,0,1,1,0,1,0.666666667
2016/9/22 6:00,6,6,0,0,0,0,0,0,0,1,0,1,2,1,1,1
2016/9/22 6:20,10,8,2,4,0,4,5,0,5,5,0,5,5,0,5,0.8
2016/9/22 6:40,36,31,5,0,0,0,2,1,1,3,1,2,7,1,6,0.861111111
2016/9/22 7:00,28,23,5,10,3,7,11,3,8,14,3,11,17,3,14,0.821428571
2016/9/22 7:20,40,28,12,5,1,4,8,1,7,11,2,9,14,2,12,0.7
2016/9/22 7:40,34,21,13,7,3,4,11,3,8,15,4,11,22,6,16,0.617647059
2016/9/22 8:00,50,36,14,4,2,2,6,2,4,8,2,6,13,4,9,0.72
2016/9/22 8:20,58,43,15,8,3,5,12,4,8,14,4,10,24,6,18,0.74137931
2016/9/22 8:40,51,31,20,6,1,5,11,2,9,17,3,14,28,5,23,0.607843137
2016/9/22 9:00,43,30,13,6,0,6,11,3,8,17,7,10,25,8,17,0.697674419
2016/9/22 9:20,52,46,6,4,2,2,10,5,5,15,6,9,25,9,16,0.884615385
2016/9/22 9:40,59,46,13,8,1,7,13,2,11,18,4,14,28,4,24,0.779661017
2016/9/22 10:00,47,37,10,8,1,7,16,4,12,25,5,20,38,8,30,0.787234043
2016/9/22 10:20,49,37,12,2,0,2,4,0,4,15,3,12,22,5,17,0.755102041
2016/9/22 10:40,43,34,9,6,2,4,11,2,9,17,4,13,23,7,16,0.790697674
2016/9/22 11:00,27,22,5,7,1,6,7,1,6,12,2,10,20,4,16,0.814814815
2016/9/22 11:20,35,27,8,4,1,3,7,1,6,12,2,10,15,2,13,0.771428571
2016/9/22 11:40,49,43,6,4,1,3,4,1,3,6,1,5,17,3,14,0.87755102
2016/9/22 12:00,34,23,11,7,0,7,11,1,10,20,2,18,27,4,23,0.676470588
2016/9/22 12:20,43,28,15,7,2,5,12,2,10,15,3,12,18,5,13,0.651162791
2016/9/22 12:40,41,30,11,6,3,3,10,4,6,15,6,9,25,10,15,0.731707317
2016/9/22 13:00,46,36,10,9,2,7,13,3,10,17,5,12,23,8,15,0.782608696
2016/9/22 13:20,64,47,17,9,0,9,12,1,11,16,3,13,27,5,22,0.734375
2016/9/22 13:40,41,30,11,12,3,9,18,5,13,26,7,19,34,9,25,0.731707317
2016/9/22 14:00,58,36,22,4,2,2,5,3,2,8,4,4,17,6,11,0.620689655
2016/9/22 14:20,41,32,9,13,5,8,16,6,10,21,7,14,29,9,20,0.780487805
2016/9/22 14:40,33,22,11,5,1,4,7,2,5,11,2,9,13,2,11,0.666666667
2016/9/22 15:00,61,43,18,3,0,3,9,3,6,16,5,11,21,8,13,0.704918033
2016/9/22 15:20,48,33,15,9,3,6,16,4,12,21,4,17,28,5,23,0.6875
2016/9/22 15:40,57,43,14,9,3,6,16,6,10,19,6,13,22,7,15,0.754385965
2016/9/22 16:00,58,45,13,6,1,5,12,2,10,16,2,14,22,2,20,0.775862069
2016/9/22 16:20,52,39,13,5,2,3,8,3,5,8,3,5,21,6,15,0.75
2016/9/22 16:40,42,29,13,8,1,7,11,1,10,17,2,15,26,5,21,0.69047619
2016/9/22 17:00,29,22,7,6,2,4,11,5,6,16,6,10,23,8,15,0.75862069
2016/9/22 17:20,36,27,9,2,0,2,4,1,3,6,1,5,9,1,8,0.75
2016/9/22 17:40,33,26,7,4,1,3,7,2,5,9,2,7,18,3,15,0.787878788
2016/9/22 18:00,26,17,9,1,0,1,4,1,3,10,2,8,16,3,13,0.653846154
2016/9/22 18:20,21,16,5,2,1,1,4,1,3,5,2,3,8,4,4,0.761904762
2016/9/22 18:40,24,16,8,5,2,3,8,2,6,10,3,7,12,4,8,0.666666667
2016/9/22 19:00,30,23,7,0,0,0,5,2,3,7,2,5,9,3,6,0.766666667
2016/9/22 19:20,18,15,3,1,0,1,4,0,4,4,0,4,8,3,5,0.833333333
2016/9/22 19:40,33,25,8,2,0,2,2,0,2,3,0,3,10,1,9,0.757575758
2016/9/22 20:00,24,18,6,1,0,1,3,0,3,7,2,5,12,3,9,0.75
2016/9/22 20:20,18,17,1,1,0,1,1,0,1,7,2,5,12,2,10,0.944444444
2016/9/22 20:40,18,12,6,1,0,1,4,0,4,5,0,5,8,0,8,0.666666667
2016/9/22 21:00,17,11,6,6,2,4,7,3,4,9,4,5,11,5,6,0.647058824
2016/9/22 21:20,18,14,4,2,1,1,4,2,2,6,3,3,9,3,6,0.777777778
2016/9/22 21:40,20,13,7,0,0,0,2,1,1,6,2,4,8,2,6,0.65
2016/9/22 22:00,9,6,3,2,0,2,5,1,4,5,1,4,7,2,5,0.666666667
2016/9/22 22:20,7,7,0,0,0,0,1,0,1,2,1,1,4,3,1,1
2016/9/22 22:40,7,7,0,3,0,3,4,0,4,4,0,4,5,0,5,1
2016/9/22 23:00,2,2,0,2,0,2,2,0,2,3,0,3,3,0,3,1
2016/9/22 23:20,6,3,3,0,0,0,0,0,0,0,0,0,0,0,0,0.5
2016/9/22 23:40,5,4,1,0,0,0,0,0,0,2,1,1,4,3,1,0.8
2016/9/23 0:00,10,8,2,0,0,0,0,0,0,0,0,0,3,1,2,0.8
2016/9/23 0:20,11,11,0,0,0,0,2,0,2,2,0,2,5,0,5,1
2016/9/23 0:40,8,7,1,1,0,1,2,0,2,5,0,5,6,0,6,0.875
2016/9/23 1:00,9,8,1,0,0,0,0,0,0,1,0,1,1,0,1,0.888888889
2016/9/23 1:20,5,5,0,2,0,2,4,1,3,5,1,4,6,1,5,1
2016/9/23 1:40,7,6,1,0,0,0,0,0,0,4,0,4,4,0,4,0.857142857
2016/9/23 2:00,4,4,0,2,0,2,2,0,2,4,1,3,4,1,3,1
2016/9/23 2:20,5,4,1,1,0,1,1,0,1,1,0,1,1,0,1,0.8
2016/9/23 2:40,9,9,0,0,0,0,1,0,1,2,0,2,3,0,3,1
2016/9/23 3:00,8,8,0,0,0,0,2,0,2,3,0,3,4,0,4,1
2016/9/23 3:20,13,12,1,2,0,2,2,0,2,2,0,2,3,0,3,0.923076923
2016/9/23 3:40,10,8,2,5,1,4,5,1,4,5,1,4,7,1,6,0.8
2016/9/23 4:00,7,7,0,1,0,1,2,0,2,2,0,2,4,1,3,1
2016/9/23 4:20,11,10,1,3,0,3,3,0,3,4,0,4,5,0,5,0.909090909
2016/9/23 4:40,15,14,1,2,0,2,5,1,4,7,1,6,7,1,6,0.933333333
2016/9/23 5:00,6,6,0,3,0,3,4,0,4,7,0,7,8,0,8,1
2016/9/23 5:20,5,4,1,0,0,0,0,0,0,0,0,0,1,0,1,0.8
2016/9/23 5:40,7,6,1,0,0,0,0,0,0,0,0,0,2,0,2,0.857142857
2016/9/23 6:00,12,10,2,2,1,1,2,1,1,4,1,3,4,1,3,0.833333333
2016/9/23 6:20,17,15,2,5,1,4,6,1,5,8,1,7,10,2,8,0.882352941
2016/9/23 6:40,32,22,10,4,1,3,5,1,4,7,1,6,10,2,8,0.6875
2016/9/23 7:00,28,25,3,6,5,1,9,5,4,12,5,7,17,5,12,0.892857143
2016/9/23 7:20,41,35,6,5,1,4,6,1,5,7,1,6,13,1,12,0.853658537
2016/9/23 7:40,42,33,9,6,2,4,9,3,6,15,3,12,20,4,16,0.785714286
2016/9/23 8:00,49,33,16,4,2,2,8,4,4,11,4,7,17,5,12,0.673469388
2016/9/23 8:20,68,46,22,7,2,5,12,4,8,16,4,12,21,8,13,0.676470588
2016/9/23 8:40,50,34,16,8,2,6,11,3,8,20,5,15,29,8,21,0.68
2016/9/23 9:00,41,25,16,4,1,3,8,2,6,14,5,9,22,8,14,0.609756098
2016/9/23 9:20,52,36,16,5,3,2,8,3,5,11,5,6,17,7,10,0.692307692
2016/9/23 9:40,44,35,9,6,1,5,12,2,10,14,3,11,21,4,17,0.795454545
2016/9/23 10:00,58,42,16,7,0,7,13,1,12,18,1,17,24,1,23,0.724137931
2016/9/23 10:20,53,47,6,5,2,3,9,3,6,15,4,11,24,5,19,0.886792453
2016/9/23 10:40,56,41,15,13,1,12,17,1,16,21,2,19,27,3,24,0.732142857
2016/9/23 11:00,56,42,14,10,3,7,17,6,11,25,9,16,32,9,23,0.75
2016/9/23 11:20,45,36,9,8,2,6,13,2,11,20,4,16,26,8,18,0.8
2016/9/23 11:40,41,26,15,7,3,4,10,4,6,12,4,8,19,5,14,0.634146341
2016/9/23 12:00,56,39,17,7,3,4,13,5,8,14,5,9,22,9,13,0.696428571
2016/9/23 12:20,51,35,16,11,4,7,14,6,8,19,8,11,29,14,15,0.68627451
2016/9/23 12:40,61,38,23,4,2,2,7,3,4,13,3,10,24,6,18,0.62295082
2016/9/23 13:00,57,42,15,7,4,3,14,7,7,24,10,14,33,12,21,0.736842105
2016/9/23 13:20,67,52,15,5,2,3,15,4,11,22,5,17,34,10,24,0.776119403
2016/9/23 13:40,45,34,11,4,0,4,11,3,8,22,6,16,32,9,23,0.755555556
2016/9/23 14:00,58,46,12,10,3,7,12,3,9,14,4,10,18,5,13,0.793103448
2016/9/23 14:20,53,41,12,7,0,7,10,0,10,14,2,12,24,5,19,0.773584906
2016/9/23 14:40,59,53,6,4,1,3,10,2,8,14,2,12,23,3,20,0.898305085
2016/9/23 15:00,47,33,14,8,1,7,16,1,15,24,2,22,27,3,24,0.70212766
2016/9/23 15:20,66,48,18,7,4,3,7,4,3,14,6,8,18,7,11,0.727272727
2016/9/23 15:40,78,53,25,7,4,3,17,7,10,21,9,12,31,11,20,0.679487179
2016/9/23 16:00,76,53,23,19,4,15,23,5,18,32,8,24,42,12,30,0.697368421
2016/9/23 16:20,86,58,28,10,3,7,17,6,11,26,9,17,41,12,29,0.674418605
2016/9/23 16:40,44,25,19,11,4,7,22,6,16,35,9,26,46,11,35,0.568181818
2016/9/23 17:00,45,36,9,5,2,3,9,3,6,12,4,8,16,5,11,0.8
2016/9/23 17:20,38,31,7,4,1,3,10,3,7,14,5,9,21,6,15,0.815789474
2016/9/23 17:40,46,35,11,6,2,4,13,2,11,17,3,14,20,5,15,0.760869565
2016/9/23 18:00,40,27,13,9,1,8,13,2,11,22,2,20,27,3,24,0.675
2016/9/23 18:20,45,31,14,4,1,3,6,2,4,10,4,6,13,5,8,0.688888889
2016/9/23 18:40,32,27,5,5,3,2,11,6,5,14,8,6,22,10,12,0.84375
2016/9/23 19:00,29,24,5,3,0,3,7,0,7,13,1,12,22,4,18,0.827586207
2016/9/23 19:20,23,16,7,5,0,5,10,1,9,14,2,12,16,2,14,0.695652174
2016/9/23 19:40,32,24,8,3,1,2,4,1,3,5,1,4,9,1,8,0.75
2016/9/23 20:00,27,18,9,6,1,5,9,1,8,13,3,10,16,3,13,0.666666667
2016/9/23 20:20,25,15,10,4,1,3,4,1,3,9,1,8,12,1,11,0.6
2016/9/23 20:40,28,23,5,4,1,3,8,1,7,10,3,7,13,5,8,0.821428571
2016/9/23 21:00,15,10,5,9,2,7,12,2,10,14,3,11,17,4,13,0.666666667
2016/9/23 21:20,25,21,4,4,1,3,4,1,3,5,2,3,6,2,4,0.84
2016/9/23 21:40,21,18,3,3,0,3,8,1,7,12,1,11,15,1,14,0.857142857
2016/9/23 22:00,21,17,4,2,1,1,3,1,2,8,3,5,12,3,9,0.80952381
2016/9/23 22:20,9,6,3,1,0,1,4,0,4,8,1,7,10,2,8,0.666666667
2016/9/23 22:40,12,9,3,1,0,1,1,0,1,3,1,2,6,3,3,0.75
2016/9/23 23:00,4,3,1,1,0,1,3,1,2,5,1,4,6,1,5,0.75
2016/9/23 23:20,1,1,0,0,0,0,0,0,0,0,0,0,0,0,0,1
2016/9/23 23:40,6,4,2,0,0,0,0,0,0,0,0,0,0,0,0,0.666666667
2016/9/24 0:00,9,8,1,2,0,2,2,0,2,2,0,2,2,0,2,0.888888889
2016/9/24 0:20,12,11,1,1,0,1,2,0,2,2,0,2,6,0,6,0.916666667
2016/9/24 0:40,6,5,1,2,0,2,2,0,2,4,0,4,6,0,6,0.833333333
2016/9/24 1:00,14,13,1,0,0,0,0,0,0,1,0,1,2,0,2,0.928571429
2016/9/24 1:20,6,5,1,2,0,2,4,0,4,7,0,7,10,0,10,0.833333333
2016/9/24 1:40,10,10,0,2,0,2,3,1,2,4,1,3,6,1,5,1
2016/9/24 2:00,10,8,2,2,0,2,3,0,3,3,0,3,5,0,5,0.8
2016/9/24 2:20,4,3,1,4,0,4,4,0,4,4,0,4,6,1,5,0.75
2016/9/24 2:40,8,7,1,1,0,1,1,0,1,2,0,2,2,0,2,0.875
2016/9/24 3:00,11,8,3,1,0,1,2,0,2,2,0,2,5,1,4,0.727272727
2016/9/24 3:20,10,9,1,0,0,0,1,0,1,1,0,1,4,2,2,0.9
2016/9/24 3:40,14,11,3,1,0,1,2,0,2,2,0,2,3,0,3,0.785714286
2016/9/24 4:00,6,6,0,3,1,2,5,1,4,6,2,4,8,3,5,1
2016/9/24 4:20,11,11,0,3,0,3,3,0,3,3,0,3,5,0,5,1
2016/9/24 4:40,20,19,1,1,0,1,4,0,4,5,0,5,7,0,7,0.95
2016/9/24 5:00,4,4,0,1,0,1,6,1,5,11,1,10,16,1,15,1
2016/9/24 5:20,5,5,0,0,0,0,1,0,1,1,0,1,1,0,1,1
2016/9/24 5:40,9,9,0,1,0,1,1,0,1,2,0,2,2,0,2,1
2016/9/24 6:00,8,7,1,3,0,3,4,0,4,5,0,5,5,0,5,0.875
2016/9/24 6:20,19,13,6,1,0,1,1,0,1,2,1,1,4,1,3,0.684210526
2016/9/24 6:40,24,17,7,1,0,1,3,0,3,9,2,7,12,2,10,0.708333333
2016/9/24 7:00,28,21,7,5,1,4,8,2,6,10,2,8,16,4,12,0.75
2016/9/24 7:20,33,24,9,10,1,9,13,3,10,15,3,12,18,4,14,0.727272727
2016/9/24 7:40,35,30,5,6,1,5,10,4,6,12,4,8,16,6,10,0.857142857
2016/9/24 8:00,43,31,12,11,2,9,14,2,12,19,3,16,20,3,17,0.720930233
2016/9/24 8:20,64,47,17,6,1,5,12,3,9,16,3,13,22,5,17,0.734375
2016/9/24 8:40,71,50,21,9,2,7,18,4,14,24,4,20,35,5,30,0.704225352
2016/9/24 9:00,52,39,13,8,2,6,14,4,10,25,6,19,39,12,27,0.75
2016/9/24 9:20,68,47,21,5,2,3,7,2,5,10,3,7,16,3,13,0.691176471
2016/9/24 9:40,66,45,21,15,5,10,23,5,18,29,9,20,43,11,32,0.681818182
2016/9/24 10:00,56,46,10,12,4,8,23,10,13,31,11,20,43,15,28,0.821428571
2016/9/24 10:20,70,60,10,8,2,6,11,3,8,15,5,10,32,9,23,0.857142857
2016/9/24 10:40,54,42,12,6,1,5,15,3,12,23,4,19,33,5,28,0.777777778
2016/9/24 11:00,54,41,13,5,1,4,10,2,8,13,2,11,25,5,20,0.759259259
2016/9/24 11:20,58,48,10,9,2,7,17,4,13,23,5,18,29,6,23,0.827586207
2016/9/24 11:40,47,41,6,12,2,10,20,3,17,28,4,24,38,5,33,0.872340426
2016/9/24 12:00,49,37,12,7,0,7,13,1,12,22,3,19,29,4,25,0.755102041
2016/9/24 12:20,31,23,8,10,3,7,14,4,10,19,5,14,25,6,19,0.741935484
2016/9/24 12:40,55,42,13,9,2,7,14,6,8,15,6,9,19,7,12,0.763636364
2016/9/24 13:00,41,31,10,11,4,7,12,4,8,18,6,12,27,6,21,0.756097561
2016/9/24 13:20,42,32,10,5,0,5,12,1,11,15,2,13,17,2,15,0.761904762
2016/9/24 13:40,64,36,28,6,1,5,8,1,7,13,4,9,21,4,17,0.5625
2016/9/24 14:00,56,35,21,15,6,9,19,7,12,25,11,14,30,15,15,0.625
2016/9/24 14:20,55,40,15,11,3,8,14,5,9,23,9,14,35,13,22,0.727272727
2016/9/24 14:40,78,59,19,12,4,8,21,5,16,27,6,21,27,6,21,0.756410256
2016/9/24 15:00,55,43,12,10,1,9,21,3,18,27,4,23,36,6,30,0.781818182
2016/9/24 15:20,63,48,15,7,1,6,13,3,10,16,4,12,24,7,17,0.761904762
2016/9/24 15:40,66,46,20,9,2,7,14,3,11,21,5,16,29,8,21,0.696969697
2016/9/24 16:00,81,67,14,11,5,6,21,11,10,32,13,19,37,13,24,0.827160494
2016/9/24 16:20,59,45,14,5,0,5,8,0,8,19,1,18,32,3,29,0.762711864
2016/9/24 16:40,48,29,19,9,1,8,14,2,12,16,3,13,25,6,19,0.604166667
2016/9/24 17:00,73,50,23,4,2,2,7,4,3,12,7,5,15,7,8,0.684931507
2016/9/24 17:20,55,39,16,19,6,13,23,8,15,28,10,18,37,12,25,0.709090909
2016/9/24 17:40,32,24,8,4,2,2,6,2,4,12,5,7,24,7,17,0.75
2016/9/24 18:00,42,35,7,4,2,2,7,2,5,10,4,6,10,4,6,0.833333333
2016/9/24 18:20,35,32,3,4,0,4,7,1,6,11,1,10,22,2,20,0.914285714
2016/9/24 18:40,54,47,7,9,0,9,12,1,11,17,2,15,21,2,19,0.87037037
2016/9/24 19:00,32,20,12,9,0,9,15,0,15,22,2,20,31,2,29,0.625
2016/9/24 19:20,47,42,5,7,3,4,8,3,5,10,4,6,15,8,7,0.893617021
2016/9/24 19:40,21,18,3,4,0,4,9,2,7,15,4,11,21,4,17,0.857142857
2016/9/24 20:00,23,16,7,4,2,2,5,2,3,8,2,6,11,2,9,0.695652174
2016/9/24 20:20,28,23,5,1,0,1,3,0,3,6,1,5,8,1,7,0.821428571
2016/9/24 20:40,30,20,10,3,0,3,3,0,3,7,0,7,11,1,10,0.666666667
2016/9/24 21:00,23,14,9,7,3,4,9,5,4,13,6,7,17,7,10,0.608695652
2016/9/24 21:20,23,19,4,4,2,2,5,3,2,6,4,2,7,4,3,0.826086957
2016/9/24 21:40,16,13,3,3,2,1,6,2,4,7,2,5,11,3,8,0.8125
2016/9/24 22:00,16,14,2,3,1,2,7,3,4,7,3,4,9,3,6,0.875
2016/9/24 22:20,13,10,3,3,0,3,4,0,4,8,1,7,10,1,9,0.769230769
2016/9/24 22:40,15,14,1,0,0,0,1,1,0,4,2,2,5,3,2,0.933333333
2016/9/24 23:00,6,5,1,0,0,0,1,0,1,2,0,2,6,0,6,0.833333333
2016/9/24 23:20,10,8,2,1,0,1,2,0,2,3,1,2,3,1,2,0.8
2016/9/24 23:40,4,2,2,2,0,2,4,0,4,4,0,4,4,0,4,0.5
2016/9/25 0:00,14,14,0,0,0,0,1,0,1,1,0,1,2,1,1,1
2016/9/25 0:20,8,7,1,3,0,3,6,0,6,6,0,6,8,0,8,0.875
2016/9/25 0:40,7,6,1,1,1,0,1,1,0,1,1,0,2,1,1,0.857142857
2016/9/25 1:00,8,8,0,1,0,1,2,0,2,2,0,2,2,0,2,1
2016/9/25 1:20,6,6,0,1,0,1,1,0,1,1,0,1,3,0,3,1
2016/9/25 1:40,2,2,0,3,0,3,3,0,3,3,0,3,3,0,3,1
2016/9/25 2:00,5,4,1,0,0,0,0,0,0,0,0,0,0,0,0,0.8
2016/9/25 2:20,10,8,2,1,0,1,2,0,2,3,0,3,3,0,3,0.8
2016/9/25 2:40,8,8,0,2,1,1,2,1,1,2,1,1,3,1,2,1
2016/9/25 3:00,5,5,0,0,0,0,0,0,0,1,0,1,4,0,4,1
2016/9/25 3:20,6,6,0,0,0,0,0,0,0,0,0,0,1,0,1,1
2016/9/25 3:40,11,9,2,0,0,0,1,0,1,1,0,1,2,0,2,0.818181818
2016/9/25 4:00,7,7,0,3,0,3,3,0,3,4,1,3,6,1,5,1
2016/9/25 4:20,7,6,1,0,0,0,2,0,2,3,0,3,7,0,7,0.857142857
2016/9/25 4:40,13,13,0,1,0,1,2,0,2,2,0,2,4,1,3,1
2016/9/25 5:00,9,7,2,3,0,3,4,0,4,4,0,4,4,0,4,0.777777778
2016/9/25 5:20,6,5,1,0,0,0,0,0,0,1,0,1,2,0,2,0.833333333
2016/9/25 5:40,8,5,3,2,0,2,4,0,4,4,0,4,4,0,4,0.625
2016/9/25 6:00,10,9,1,0,0,0,1,0,1,1,0,1,5,1,4,0.9
2016/9/25 6:20,12,9,3,1,0,1,4,0,4,5,1,4,6,1,5,0.75
2016/9/25 6:40,26,21,5,2,0,2,2,0,2,3,1,2,5,1,4,0.807692308
2016/9/25 7:00,20,16,4,3,1,2,5,1,4,6,2,4,14,3,11,0.8
2016/9/25 7:20,22,18,4,3,0,3,4,1,3,6,1,5,10,3,7,0.818181818
2016/9/25 7:40,33,25,8,5,2,3,7,2,5,14,3,11,17,4,13,0.757575758
2016/9/25 8:00,35,28,7,8,2,6,11,3,8,13,4,9,20,4,16,0.8
2016/9/25 8:20,40,30,10,5,0,5,8,1,7,11,2,9,14,2,12,0.75
2016/9/25 8:40,50,35,15,9,4,5,15,4,11,18,5,13,22,5,17,0.7
2016/9/25 9:00,41,32,9,4,0,4,13,5,8,14,6,8,27,8,19,0.780487805
2016/9/25 9:20,42,34,8,10,1,9,13,2,11,17,4,13,22,4,18,0.80952381
2016/9/25 9:40,49,40,9,2,1,1,9,3,6,11,4,7,18,6,12,0.816326531
2016/9/25 10:00,50,38,12,12,2,10,18,3,15,26,3,23,30,4,26,0.76
2016/9/25 10:20,47,33,14,9,3,6,16,3,13,18,3,15,25,7,18,0.70212766
2016/9/25 10:40,55,45,10,10,4,6,12,4,8,13,5,8,25,9,16,0.818181818
2016/9/25 11:00,55,41,14,12,1,11,19,4,15,23,5,18,31,8,23,0.745454545
2016/9/25 11:20,54,43,11,7,3,4,12,3,9,21,5,16,28,6,22,0.796296296
2016/9/25 11:40,29,16,13,8,2,6,15,3,12,19,4,15,29,5,24,0.551724138
2016/9/25 12:00,47,35,12,2,2,0,5,5,0,8,7,1,11,7,4,0.744680851
2016/9/25 12:20,58,40,18,8,2,6,12,4,8,17,6,11,22,8,14,0.689655172
2016/9/25 12:40,46,32,14,17,6,11,18,7,11,20,9,11,29,13,16,0.695652174
2016/9/25 13:00,57,39,18,8,1,7,14,2,12,17,2,15,27,9,18,0.684210526
2016/9/25 13:20,56,40,16,12,2,10,16,4,12,18,5,13,28,9,19,0.714285714
2016/9/25 13:40,60,42,18,6,0,6,11,0,11,15,2,13,28,8,20,0.7
2016/9/25 14:00,72,51,21,6,3,3,11,4,7,19,5,14,27,6,21,0.708333333
2016/9/25 14:20,59,39,20,13,3,10,21,6,15,25,8,17,34,10,24,0.661016949
2016/9/25 14:40,85,61,24,20,8,12,22,8,14,27,8,19,35,12,23,0.717647059
2016/9/25 15:00,65,50,15,19,4,15,22,4,18,31,7,24,45,13,32,0.769230769
2016/9/25 15:20,61,45,16,9,4,5,17,6,11,23,7,16,32,7,25,0.737704918
2016/9/25 15:40,52,41,11,11,6,5,18,7,11,23,7,16,34,12,22,0.788461538
2016/9/25 16:00,70,51,19,6,0,6,13,2,11,17,3,14,23,4,19,0.728571429
2016/9/25 16:20,63,40,23,10,2,8,17,4,13,24,6,18,35,8,27,0.634920635
2016/9/25 16:40,73,55,18,7,2,5,11,4,7,24,10,14,33,13,20,0.753424658
2016/9/25 17:00,63,43,20,11,4,7,18,7,11,25,7,18,39,10,29,0.682539683
2016/9/25 17:20,49,37,12,12,5,7,17,6,11,25,11,14,36,15,21,0.755102041
2016/9/25 17:40,42,34,8,8,3,5,13,5,8,18,5,13,26,9,17,0.80952381
2016/9/25 18:00,56,41,15,3,0,3,6,0,6,11,1,10,19,2,17,0.732142857
2016/9/25 18:20,38,22,16,4,1,3,11,2,9,16,3,13,25,5,20,0.578947368
2016/9/25 18:40,31,25,6,6,2,4,7,3,4,10,3,7,17,6,11,0.806451613
2016/9/25 19:00,37,19,18,2,1,1,4,2,2,6,2,4,10,2,8,0.513513514
2016/9/25 19:20,42,24,18,8,6,2,16,10,6,19,10,9,20,11,9,0.571428571
2016/9/25 19:40,28,21,7,9,4,5,14,5,9,17,7,10,31,11,20,0.75
2016/9/25 20:00,35,23,12,2,1,1,4,2,2,9,5,4,13,6,7,0.657142857
2016/9/25 20:20,28,20,8,1,1,0,9,4,5,15,6,9,23,8,15,0.714285714
2016/9/25 20:40,22,16,6,5,1,4,6,2,4,9,3,6,13,4,9,0.727272727
2016/9/25 21:00,23,16,7,5,1,4,5,1,4,8,2,6,13,3,10,0.695652174
2016/9/25 21:20,19,14,5,3,1,2,4,1,3,6,1,5,8,1,7,0.736842105
2016/9/25 21:40,18,13,5,0,0,0,2,2,0,6,3,3,8,3,5,0.722222222
2016/9/25 22:00,16,12,4,4,2,2,5,2,3,6,2,4,9,2,7,0.75
2016/9/25 22:20,17,15,2,2,0,2,4,1,3,5,1,4,5,1,4,0.882352941
2016/9/25 22:40,13,11,2,2,0,2,6,0,6,8,0,8,10,0,10,0.846153846
2016/9/25 23:00,10,9,1,2,0,2,4,1,3,7,1,6,8,1,7,0.9
2016/9/25 23:20,13,12,1,2,0,2,2,0,2,3,0,3,4,0,4,0.923076923
2016/9/25 23:40,9,6,3,0,0,0,1,0,1,2,0,2,2,0,2,0.666666667
2016/9/26 0:00,9,7,2,1,1,0,3,1,2,3,1,2,6,2,4,0.777777778
2016/9/26 0:20,6,5,1,1,0,1,3,1,2,4,1,3,5,1,4,0.833333333
2016/9/26 0:40,11,11,0,2,0,2,2,0,2,4,1,3,5,1,4,1
2016/9/26 1:00,2,2,0,2,0,2,2,0,2,3,0,3,4,0,4,1
2016/9/26 1:20,2,1,1,0,0,0,0,0,0,0,0,0,0,0,0,0.5
2016/9/26 1:40,7,7,0,1,1,0,1,1,0,1,1,0,2,1,1,1
2016/9/26 2:00,8,7,1,0,0,0,0,0,0,1,0,1,2,0,2,0.875
2016/9/26 2:20,9,8,1,1,0,1,1,0,1,1,0,1,1,0,1,0.888888889
2016/9/26 2:40,5,5,0,1,0,1,4,0,4,4,0,4,4,0,4,1
2016/9/26 3:00,9,7,2,1,0,1,3,0,3,3,0,3,3,0,3,0.777777778
2016/9/26 3:20,6,5,1,0,0,0,2,1,1,4,1,3,4,1,3,0.833333333
2016/9/26 3:40,8,8,0,0,0,0,0,0,0,0,0,0,2,0,2,1
2016/9/26 4:00,7,7,0,1,0,1,2,0,2,3,0,3,5,0,5,1
2016/9/26 4:20,13,13,0,0,0,0,2,0,2,3,0,3,3,0,3,1
2016/9/26 4:40,13,12,1,3,0,3,4,0,4,5,0,5,7,0,7,0.923076923
2016/9/26 5:00,6,6,0,0,0,0,3,0,3,3,0,3,6,0,6,1
2016/9/26 5:20,4,3,1,2,0,2,2,0,2,3,0,3,4,0,4,0.75
2016/9/26 5:40,10,10,0,1,0,1,1,0,1,1,0,1,3,1,2,1
2016/9/26 6:00,13,11,2,2,0,2,4,0,4,4,0,4,5,0,5,0.846153846
2016/9/26 6:20,23,16,7,2,0,2,4,0,4,4,0,4,7,1,6,0.695652174
2016/9/26 6:40,39,25,14,5,1,4,7,2,5,10,3,7,12,3,9,0.641025641
2016/9/26 7:00,44,32,12,7,3,4,12,5,7,18,7,11,25,9,16,0.727272727
2016/9/26 7:20,39,29,10,4,1,3,12,2,10,16,3,13,19,4,15,0.743589744
2016/9/26 7:40,46,27,19,5,3,2,11,5,6,15,6,9,19,7,12,0.586956522
2016/9/26 8:00,49,34,15,10,5,5,15,7,8,18,9,9,24,12,12,0.693877551
2016/9/26 8:20,52,37,15,11,6,5,15,8,7,17,9,8,22,10,12,0.711538462
2016/9/26 8:40,45,30,15,10,2,8,19,4,15,20,5,15,26,5,21,0.666666667
2016/9/26 9:00,48,34,14,4,2,2,6,2,4,13,4,9,17,5,12,0.708333333
2016/9/26 9:20,52,38,14,6,1,5,12,4,8,18,5,13,25,6,19,0.730769231
2016/9/26 9:40,51,44,7,7,1,6,11,2,9,15,3,12,25,4,21,0.862745098
2016/9/26 10:00,47,34,13,10,1,9,15,2,13,20,3,17,30,3,27,0.723404255
2016/9/26 10:20,52,37,15,6,1,5,9,2,7,15,3,12,19,4,15,0.711538462
2016/9/26 10:40,36,31,5,9,2,7,11,3,8,16,4,12,23,5,18,0.861111111
2016/9/26 11:00,36,23,13,8,0,8,12,0,12,14,1,13,19,1,18,0.638888889
2016/9/26 11:20,35,31,4,6,1,5,10,3,7,12,3,9,17,4,13,0.885714286
2016/9/26 11:40,52,38,14,8,1,7,11,2,9,14,2,12,20,2,18,0.730769231
2016/9/26 12:00,48,40,8,15,4,11,19,4,15,21,5,16,29,9,20,0.833333333
2016/9/26 12:20,37,29,8,3,0,3,7,0,7,11,1,10,15,1,14,0.783783784
2016/9/26 12:40,48,31,17,7,2,5,11,2,9,13,3,10,18,4,14,0.645833333
2016/9/26 13:00,54,39,15,11,4,7,15,5,10,18,6,12,32,11,21,0.722222222
2016/9/26 13:20,49,36,13,7,1,6,12,1,11,18,3,15,24,3,21,0.734693878
2016/9/26 13:40,49,32,17,10,0,10,13,2,11,19,4,15,23,6,17,0.653061224
2016/9/26 14:00,44,33,11,6,3,3,11,5,6,19,8,11,27,11,16,0.75
2016/9/26 14:20,29,18,11,4,1,3,9,3,6,14,4,10,21,5,16,0.620689655
2016/9/26 14:40,63,44,19,6,3,3,8,4,4,9,4,5,13,6,7,0.698412698
2016/9/26 15:00,33,26,7,9,2,7,15,6,9,21,9,12,32,11,21,0.787878788
2016/9/26 15:20,51,40,11,6,1,5,8,1,7,11,1,10,13,1,12,0.784313725
2016/9/26 15:40,43,35,8,12,2,10,21,5,16,24,5,19,30,6,24,0.813953488
2016/9/26 16:00,44,30,14,7,1,6,13,2,11,17,3,14,19,4,15,0.681818182
2016/9/26 16:20,56,40,16,5,3,2,9,3,6,12,4,8,19,8,11,0.714285714
2016/9/26 16:40,46,33,13,4,0,4,10,3,7,18,6,12,24,8,16,0.717391304
2016/9/26 17:00,47,35,12,1,0,1,9,4,5,14,5,9,19,6,13,0.744680851
2016/9/26 17:20,42,32,10,4,1,3,9,2,7,16,6,10,18,6,12,0.761904762
2016/9/26 17:40,30,19,11,1,1,0,4,2,2,11,3,8,20,7,13,0.633333333
2016/9/26 18:00,33,16,17,6,2,4,11,4,7,14,7,7,16,7,9,0.484848485
2016/9/26 18:20,22,18,4,4,1,3,7,2,5,7,2,5,9,3,6,0.818181818
2016/9/26 18:40,29,21,8,4,1,3,5,1,4,7,1,6,11,1,10,0.724137931
2016/9/26 19:00,31,22,9,4,1,3,8,3,5,11,3,8,13,3,10,0.709677419
2016/9/26 19:20,15,14,1,3,2,1,6,4,2,6,4,2,15,6,9,0.933333333
2016/9/26 19:40,22,18,4,3,0,3,4,0,4,7,1,6,10,1,9,0.818181818
2016/9/26 20:00,19,17,2,5,0,5,7,0,7,9,1,8,13,2,11,0.894736842
2016/9/26 20:20,19,13,6,5,0,5,5,0,5,5,0,5,8,1,7,0.684210526
2016/9/26 20:40,24,15,9,3,1,2,7,2,5,8,2,6,10,2,8,0.625
2016/9/26 21:00,14,12,2,3,2,1,5,3,2,6,3,3,8,5,3,0.857142857
2016/9/26 21:20,19,16,3,2,0,2,4,1,3,5,1,4,6,1,5,0.842105263
2016/9/26 21:40,10,4,6,3,0,3,5,0,5,5,0,5,8,1,7,0.4
2016/9/26 22:00,10,8,2,1,1,0,1,1,0,2,2,0,3,3,0,0.8
2016/9/26 22:20,12,8,4,0,0,0,1,0,1,1,0,1,3,1,2,0.666666667
2016/9/26 22:40,5,4,1,2,0,2,2,0,2,2,0,2,5,2,3,0.8
2016/9/26 23:00,3,1,2,2,0,2,2,0,2,2,0,2,3,1,2,0.333333333
2016/9/26 23:20,6,3,3,1,0,1,1,0,1,1,0,1,1,0,1,0.5
2016/9/26 23:40,4,4,0,0,0,0,0,0,0,0,0,0,1,0,1,1
2016/9/27 0:00,12,11,1,1,0,1,2,0,2,2,0,2,2,0,2,0.916666667
2016/9/27 0:20,20,19,1,1,0,1,3,0,3,3,0,3,8,0,8,0.95
2016/9/27 0:40,8,8,0,4,0,4,5,0,5,7,0,7,12,1,11,1
2016/9/27 1:00,5,5,0,0,0,0,2,0,2,2,0,2,2,0,2,1
2016/9/27 1:20,8,7,1,1,0,1,1,0,1,1,0,1,1,0,1,0.875
2016/9/27 1:40,6,5,1,2,1,1,4,1,3,4,1,3,5,1,4,0.833333333
2016/9/27 2:00,7,6,1,0,0,0,0,0,0,2,1,1,2,1,1,0.857142857
2016/9/27 2:20,5,4,1,2,0,2,3,1,2,4,1,3,4,1,3,0.8
2016/9/27 2:40,8,8,0,1,0,1,1,0,1,1,0,1,2,0,2,1
2016/9/27 3:00,9,8,1,1,0,1,3,0,3,3,0,3,4,0,4,0.888888889
2016/9/27 3:20,7,7,0,0,0,0,2,0,2,3,0,3,3,0,3,1
2016/9/27 3:40,6,6,0,0,0,0,0,0,0,1,0,1,1,0,1,1
2016/9/27 4:00,16,16,0,1,0,1,2,0,2,2,0,2,2,0,2,1
2016/9/27 4:20,11,10,1,1,0,1,1,0,1,2,0,2,4,0,4,0.909090909
2016/9/27 4:40,16,15,1,2,0,2,3,1,2,5,1,4,8,1,7,0.9375
2016/9/27 5:00,6,4,2,6,1,5,7,1,6,8,1,7,9,1,8,0.666666667
2016/9/27 5:20,4,3,1,0,0,0,0,0,0,1,1,0,1,1,0,0.75
2016/9/27 5:40,10,8,2,0,0,0,0,0,0,0,0,0,0,0,0,0.8
2016/9/27 6:00,12,9,3,1,0,1,3,0,3,3,0,3,4,0,4,0.75
2016/9/27 6:20,20,19,1,5,0,5,5,0,5,8,1,7,9,1,8,0.95
2016/9/27 6:40,35,27,8,2,0,2,6,1,5,8,1,7,13,1,12,0.771428571
2016/9/27 7:00,56,48,8,6,2,4,10,3,7,13,3,10,17,4,13,0.857142857
2016/9/27 7:20,50,41,9,16,1,15,22,1,21,34,2,32,42,3,39,0.82
2016/9/27 7:40,41,27,14,5,1,4,7,2,5,14,2,12,26,5,21,0.658536585
2016/9/27 8:00,60,35,25,9,3,6,10,4,6,14,7,7,15,7,8,0.583333333
2016/9/27 8:20,45,34,11,12,5,7,22,10,12,26,11,15,32,16,16,0.755555556
2016/9/27 8:40,64,46,18,5,0,5,10,1,9,19,3,16,27,6,21,0.71875
2016/9/27 9:00,58,42,16,12,4,8,22,7,15,28,8,20,34,10,24,0.724137931
2016/9/27 9:20,65,44,21,9,3,6,12,4,8,19,7,12,28,11,17,0.676923077
2016/9/27 9:40,45,37,8,11,2,9,18,6,12,30,8,22,46,12,34,0.822222222
2016/9/27 10:00,50,34,16,11,5,6,12,5,7,15,5,10,24,7,17,0.68
2016/9/27 10:20,35,27,8,9,3,6,12,4,8,17,4,13,24,8,16,0.771428571
2016/9/27 10:40,58,44,14,7,0,7,12,1,11,20,3,17,23,4,19,0.75862069
2016/9/27 11:00,31,28,3,5,0,5,10,0,10,14,2,12,22,5,17,0.903225806
2016/9/27 11:20,47,38,9,5,0,5,8,0,8,11,0,11,14,1,13,0.808510638
2016/9/27 11:40,33,28,5,12,4,8,18,5,13,24,7,17,28,7,21,0.848484848
2016/9/27 12:00,34,26,8,4,0,4,7,1,6,9,2,7,15,3,12,0.764705882
2016/9/27 12:20,44,32,12,4,1,3,8,2,6,11,3,8,17,3,14,0.727272727
2016/9/27 12:40,37,29,8,6,1,5,11,3,8,18,5,13,23,6,17,0.783783784
2016/9/27 13:00,57,42,15,5,3,2,6,3,3,11,4,7,16,5,11,0.736842105
2016/9/27 13:20,54,39,15,7,2,5,16,4,12,16,4,12,21,6,15,0.722222222
2016/9/27 13:40,90,74,16,4,2,2,11,3,8,16,4,12,21,6,15,0.822222222
2016/9/27 14:00,54,42,12,6,1,5,12,4,8,26,5,21,42,6,36,0.777777778
2016/9/27 14:20,47,35,12,4,0,4,9,1,8,15,3,12,20,5,15,0.744680851
2016/9/27 14:40,38,34,4,7,2,5,9,2,7,11,3,8,22,6,16,0.894736842
2016/9/27 15:00,39,26,13,2,0,2,8,1,7,13,1,12,18,1,17,0.666666667
2016/9/27 15:20,47,32,15,6,3,3,11,4,7,17,7,10,20,9,11,0.680851064
2016/9/27 15:40,44,33,11,8,4,4,16,6,10,22,7,15,30,10,20,0.75
2016/9/27 16:00,58,42,16,9,3,6,14,5,9,18,7,11,24,8,16,0.724137931
2016/9/27 16:20,53,36,17,4,1,3,11,4,7,15,5,10,26,8,18,0.679245283
2016/9/27 16:40,48,37,11,5,1,4,6,1,5,8,3,5,15,4,11,0.770833333
2016/9/27 17:00,52,36,16,7,1,6,11,2,9,16,3,13,20,5,15,0.692307692
2016/9/27 17:20,77,71,6,10,1,9,14,3,11,17,5,12,25,6,19,0.922077922
2016/9/27 17:40,45,34,11,14,3,11,22,4,18,31,4,27,50,6,44,0.755555556
2016/9/27 18:00,30,24,6,1,0,1,4,1,3,10,2,8,19,5,14,0.8
2016/9/27 18:20,18,13,5,4,1,3,14,4,10,15,4,11,19,4,15,0.722222222
2016/9/27 18:40,12,12,0,4,2,2,5,2,3,7,2,5,11,3,8,1
2016/9/27 19:00,40,35,5,0,0,0,2,0,2,3,0,3,6,0,6,0.875
2016/9/27 19:20,37,28,9,6,0,6,11,1,10,17,1,16,26,1,25,0.756756757
2016/9/27 19:40,55,52,3,5,1,4,10,4,6,13,4,9,15,4,11,0.945454545
2016/9/27 20:00,47,43,4,10,1,9,17,1,16,20,1,19,32,3,29,0.914893617
2016/9/27 20:20,51,45,6,5,0,5,7,1,6,10,1,9,16,2,14,0.882352941
2016/9/27 20:40,44,38,6,2,0,2,9,1,8,13,2,11,24,2,22,0.863636364
2016/9/27 21:00,34,28,6,4,1,3,11,2,9,14,3,11,19,3,16,0.823529412
2016/9/27 21:20,39,35,4,5,1,4,10,2,8,17,4,13,20,4,16,0.897435897
2016/9/27 21:40,26,24,2,5,0,5,9,0,9,14,0,14,17,0,17,0.923076923
2016/9/27 22:00,26,24,2,4,0,4,7,0,7,11,1,10,14,1,13,0.923076923
2016/9/27 22:20,20,19,1,4,1,3,5,1,4,9,2,7,14,2,12,0.95
2016/9/27 22:40,16,14,2,1,0,1,5,1,4,5,1,4,7,1,6,0.875
2016/9/27 23:00,12,11,1,1,0,1,5,0,5,5,0,5,9,1,8,0.916666667
2016/9/27 23:20,4,4,0,2,1,1,3,1,2,5,1,4,9,1,8,1
2016/9/27 23:40,3,0,3,0,0,0,0,0,0,0,0,0,1,0,1,0
2016/9/28 0:00,7,7,0,0,0,0,0,0,0,1,1,0,1,1,0,1
2016/9/28 0:20,5,5,0,1,0,1,1,0,1,1,0,1,4,0,4,1
2016/9/28 0:40,16,15,1,1,0,1,1,0,1,1,0,1,2,0,2,0.9375
2016/9/28 1:00,10,9,1,2,0,2,4,1,3,7,1,6,8,1,7,0.9
2016/9/28 1:20,9,9,0,3,0,3,3,0,3,5,0,5,7,0,7,1
2016/9/28 1:40,7,6,1,2,0,2,2,0,2,2,0,2,4,0,4,0.857142857
2016/9/28 2:00,5,5,0,1,1,0,2,1,1,3,1,2,5,1,4,1
2016/9/28 2:20,4,4,0,1,0,1,1,0,1,1,0,1,3,0,3,1
2016/9/28 2:40,9,8,1,0,0,0,0,0,0,0,0,0,1,0,1,0.888888889
2016/9/28 3:00,6,6,0,4,1,3,4,1,3,4,1,3,4,1,3,1
2016/9/28 3:20,12,12,0,0,0,0,2,0,2,2,0,2,2,0,2,1
2016/9/28 3:40,13,13,0,3,0,3,6,0,6,7,0,7,8,0,8,1
2016/9/28 4:00,9,9,0,5,0,5,7,0,7,7,0,7,7,0,7,1
2016/9/28 4:20,7,7,0,1,0,1,2,0,2,3,0,3,4,0,4,1
2016/9/28 4:40,14,14,0,1,0,1,1,0,1,2,0,2,5,0,5,1
2016/9/28 5:00,22,21,1,1,0,1,3,0,3,8,0,8,9,0,9,0.954545455
2016/9/28 5:20,22,20,2,1,0,1,2,0,2,6,0,6,11,1,10,0.909090909
2016/9/28 5:40,19,19,0,3,0,3,5,0,5,11,1,10,13,2,11,1
2016/9/28 6:00,30,28,2,3,0,3,4,0,4,6,0,6,7,0,7,0.933333333
2016/9/28 6:20,49,45,4,3,0,3,5,0,5,9,0,9,12,0,12,0.918367347
2016/9/28 6:40,50,44,6,4,1,3,7,1,6,13,1,12,26,2,24,0.88
2016/9/28 7:00,91,80,11,7,1,6,11,1,10,14,2,12,24,2,22,0.879120879
2016/9/28 7:20,74,68,6,19,1,18,31,1,30,40,4,36,59,4,55,0.918918919
2016/9/28 7:40,104,89,15,10,0,10,16,0,16,27,2,25,36,4,32,0.855769231
2016/9/28 8:00,128,113,15,15,1,14,27,3,24,47,7,40,54,8,46,0.8828125
2016/9/28 8:20,137,126,11,22,3,19,36,5,31,48,6,42,66,10,56,0.919708029
2016/9/28 8:40,104,94,10,27,3,24,42,4,38,52,5,47,76,8,68,0.903846154
2016/9/28 9:00,111,95,16,10,3,7,16,4,12,27,4,23,46,5,41,0.855855856
2016/9/28 9:20,121,107,14,14,1,13,17,1,16,31,2,29,54,5,49,0.884297521
2016/9/28 9:40,136,121,15,20,2,18,38,4,34,44,5,39,57,7,50,0.889705882
2016/9/28 10:00,109,94,15,26,1,25,38,4,34,50,5,45,70,8,62,0.862385321
2016/9/28 10:20,89,84,5,14,1,13,26,4,22,40,7,33,55,11,44,0.943820225
2016/9/28 10:40,110,96,14,18,0,18,30,0,30,38,0,38,51,1,50,0.872727273
2016/9/28 11:00,88,81,7,16,1,15,24,2,22,30,2,28,56,10,46,0.920454545
2016/9/28 11:20,91,75,16,7,1,6,12,1,11,23,2,21,37,2,35,0.824175824
2016/9/28 11:40,78,68,10,18,3,15,22,3,19,34,4,30,49,9,40,0.871794872
2016/9/28 12:00,87,73,14,22,5,17,28,5,23,35,5,30,48,8,40,0.83908046
2016/9/28 12:20,89,75,14,19,2,17,29,3,26,39,6,33,51,8,43,0.842696629
2016/9/28 12:40,102,94,8,18,2,16,24,3,21,34,3,31,43,4,39,0.921568627
2016/9/28 13:00,104,91,13,13,2,11,24,3,21,36,3,33,52,5,47,0.875
2016/9/28 13:20,101,92,9,18,2,16,25,3,22,41,6,35,58,7,51,0.910891089
2016/9/28 13:40,95,84,11,18,3,15,24,3,21,30,3,27,52,6,46,0.884210526
2016/9/28 14:00,103,89,14,12,2,10,19,3,16,31,6,25,45,6,39,0.86407767
2016/9/28 14:20,110,100,10,11,2,9,19,2,17,36,5,31,46,8,38,0.909090909
2016/9/28 14:40,89,81,8,19,0,19,31,1,30,38,3,35,57,5,52,0.91011236
2016/9/28 15:00,91,75,16,15,0,15,25,0,25,35,3,32,50,4,46,0.824175824
2016/9/28 15:20,97,85,12,13,3,10,24,5,19,32,6,26,45,7,38,0.87628866
2016/9/28 15:40,88,79,9,7,1,6,18,2,16,33,2,31,51,6,45,0.897727273
2016/9/28 16:00,105,92,13,9,1,8,19,1,18,27,2,25,36,3,33,0.876190476
2016/9/28 16:20,97,86,11,17,1,16,23,3,20,35,7,28,53,8,45,0.886597938
2016/9/28 16:40,45,31,14,9,4,5,17,8,9,27,8,19,43,8,35,0.688888889
2016/9/28 17:00,31,24,7,3,1,2,7,2,5,9,2,7,20,5,15,0.774193548
2016/9/28 17:20,37,25,12,6,1,5,9,1,8,12,1,11,20,4,16,0.675675676
2016/9/28 17:40,31,21,10,3,0,3,7,2,5,14,4,10,17,5,12,0.677419355
2016/9/28 18:00,26,23,3,8,2,6,13,3,10,16,4,12,19,4,15,0.884615385
2016/9/28 18:20,24,17,7,5,1,4,8,1,7,11,1,10,18,2,16,0.708333333
2016/9/28 18:40,18,13,5,2,0,2,5,1,4,10,3,7,12,3,9,0.722222222
2016/9/28 19:00,28,20,8,3,1,2,4,2,2,5,3,2,9,3,6,0.714285714
2016/9/28 19:20,26,17,9,6,2,4,8,2,6,11,3,8,17,3,14,0.653846154
2016/9/28 19:40,17,12,5,4,1,3,7,2,5,9,3,6,12,4,8,0.705882353
2016/9/28 20:00,20,15,5,2,0,2,4,0,4,5,1,4,9,2,7,0.75
2016/9/28 20:20,24,20,4,3,1,2,3,1,2,7,1,6,10,2,8,0.833333333
2016/9/28 20:40,17,8,9,5,2,3,9,2,7,15,3,12,17,3,14,0.470588235
2016/9/28 21:00,24,17,7,2,2,0,2,2,0,4,3,1,9,6,3,0.708333333
2016/9/28 21:20,11,8,3,3,1,2,5,1,4,7,1,6,10,1,9,0.727272727
2016/9/28 21:40,16,8,8,4,1,3,7,1,6,9,1,8,9,1,8,0.5
2016/9/28 22:00,7,6,1,2,1,1,4,2,2,5,2,3,13,7,6,0.857142857
2016/9/28 22:20,9,8,1,0,0,0,2,0,2,3,0,3,3,0,3,0.888888889
2016/9/28 22:40,5,3,2,2,0,2,3,0,3,4,0,4,6,0,6,0.6
2016/9/28 23:00,11,11,0,2,1,1,4,1,3,4,1,3,4,1,3,1
2016/9/28 23:20,20,17,3,2,0,2,2,0,2,4,0,4,8,0,8,0.85
2016/9/28 23:40,11,11,0,2,0,2,6,1,5,7,1,6,12,2,10,1
2016/9/29 0:00,4,2,2,0,0,0,1,0,1,2,0,2,3,0,3,0.5
2016/9/29 0:20,9,8,1,1,1,0,2,1,1,2,1,1,3,1,2,0.888888889
2016/9/29 0:40,7,5,2,1,0,1,2,0,2,3,0,3,4,0,4,0.714285714
2016/9/29 1:00,3,3,0,0,0,0,0,0,0,1,0,1,4,1,3,1
2016/9/29 1:20,6,5,1,1,0,1,1,0,1,1,0,1,3,0,3,0.833333333
2016/9/29 1:40,11,8,3,1,0,1,1,0,1,2,0,2,3,0,3,0.727272727
2016/9/29 2:00,7,7,0,1,0,1,3,1,2,3,1,2,3,1,2,1
2016/9/29 2:20,4,4,0,0,0,0,1,0,1,1,0,1,3,0,3,1
2016/9/29 2:40,4,3,1,0,0,0,1,0,1,1,0,1,2,0,2,0.75
2016/9/29 3:00,3,2,1,0,0,0,1,1,0,2,1,1,3,1,2,0.666666667
2016/9/29 3:20,7,6,1,1,0,1,1,0,1,1,0,1,1,0,1,0.857142857
2016/9/29 3:40,9,9,0,3,0,3,3,0,3,3,0,3,3,0,3,1
2016/9/29 4:00,10,10,0,1,0,1,3,0,3,3,0,3,3,0,3,1
2016/9/29 4:20,10,8,2,1,0,1,2,0,2,4,0,4,7,0,7,0.8
2016/9/29 4:40,16,14,2,1,0,1,2,0,2,5,1,4,9,2,7,0.875
2016/9/29 5:00,6,5,1,3,0,3,6,0,6,7,0,7,8,0,8,0.833333333
2016/9/29 5:20,5,5,0,0,0,0,0,0,0,1,0,1,2,0,2,1
2016/9/29 5:40,4,4,0,2,0,2,2,0,2,3,0,3,3,0,3,1
2016/9/29 6:00,4,2,2,0,0,0,0,0,0,2,0,2,2,0,2,0.5
2016/9/29 6:20,9,7,2,1,1,0,2,1,1,3,2,1,3,2,1,0.777777778
2016/9/29 6:40,18,12,6,1,0,1,4,2,2,6,2,4,8,2,6,0.666666667
2016/9/29 7:00,25,16,9,5,3,2,6,3,3,9,4,5,14,5,9,0.64
2016/9/29 7:20,30,24,6,7,2,5,9,4,5,11,4,7,15,6,9,0.8
2016/9/29 7:40,30,19,11,5,2,3,11,3,8,14,4,10,17,5,12,0.633333333
2016/9/29 8:00,41,23,18,4,2,2,5,2,3,9,3,6,13,6,7,0.56097561
2016/9/29 8:20,48,33,15,7,3,4,10,5,5,12,6,6,20,8,12,0.6875
2016/9/29 8:40,50,31,19,7,1,6,12,3,9,15,5,10,18,7,11,0.62
2016/9/29 9:00,47,32,15,8,4,4,11,4,7,18,8,10,28,12,16,0.680851064
2016/9/29 9:20,40,32,8,6,2,4,9,2,7,14,3,11,24,6,18,0.8
2016/9/29 9:40,48,37,11,3,0,3,7,0,7,12,2,10,18,3,15,0.770833333
2016/9/29 10:00,56,43,13,11,3,8,14,4,10,17,4,13,27,6,21,0.767857143
2016/9/29 10:20,51,39,12,15,4,11,20,5,15,24,7,17,34,10,24,0.764705882
2016/9/29 10:40,40,31,9,10,3,7,16,5,11,20,5,15,28,6,22,0.775
2016/9/29 11:00,39,31,8,5,1,4,7,1,6,14,3,11,18,5,13,0.794871795
2016/9/29 11:20,41,28,13,7,2,5,9,2,7,14,2,12,18,2,16,0.682926829
2016/9/29 11:40,36,29,7,5,1,4,13,5,8,15,5,10,23,9,14,0.805555556
2016/9/29 12:00,35,27,8,5,1,4,7,2,5,10,3,7,14,4,10,0.771428571
2016/9/29 12:20,35,27,8,9,3,6,11,3,8,16,4,12,20,5,15,0.771428571
2016/9/29 12:40,43,35,8,4,1,3,11,1,10,12,1,11,16,2,14,0.813953488
2016/9/29 13:00,50,31,19,8,4,4,13,5,8,15,5,10,19,7,12,0.62
2016/9/29 13:20,24,16,8,14,8,6,17,8,9,20,8,12,27,12,15,0.666666667
2016/9/29 13:40,43,28,15,5,2,3,7,3,4,10,5,5,15,6,9,0.651162791
2016/9/29 14:00,48,33,15,4,2,2,11,3,8,19,4,15,23,6,17,0.6875
2016/9/29 14:20,43,30,13,5,1,4,6,1,5,14,4,10,21,7,14,0.697674419
2016/9/29 14:40,55,44,11,8,1,7,14,3,11,19,5,14,22,7,15,0.8
2016/9/29 15:00,53,36,17,15,3,12,17,4,13,18,4,14,25,6,19,0.679245283
2016/9/29 15:20,65,42,23,10,2,8,14,4,10,22,8,14,32,11,21,0.646153846
2016/9/29 15:40,53,40,13,10,2,8,16,2,14,19,3,16,32,9,23,0.754716981
2016/9/29 16:00,60,44,16,8,1,7,14,3,11,21,5,16,30,7,23,0.733333333
2016/9/29 16:20,50,40,10,9,1,8,15,5,10,22,6,16,30,9,21,0.8
2016/9/29 16:40,47,34,13,8,1,7,16,4,12,21,5,16,24,5,19,0.723404255
2016/9/29 17:00,30,27,3,4,1,3,9,3,6,13,5,8,18,5,13,0.9
2016/9/29 17:20,30,21,9,4,0,4,6,0,6,9,0,9,11,1,10,0.7
2016/9/29 17:40,30,18,12,5,2,3,8,2,6,10,3,7,15,4,11,0.6
2016/9/29 18:00,22,16,6,4,3,1,7,4,3,12,6,6,14,7,7,0.727272727
2016/9/29 18:20,26,20,6,3,2,1,5,3,2,7,3,4,10,4,6,0.769230769
2016/9/29 18:40,25,20,5,6,0,6,8,0,8,11,1,10,14,3,11,0.8
2016/9/29 19:00,18,14,4,1,0,1,3,0,3,4,1,3,8,2,6,0.777777778
2016/9/29 19:20,27,19,8,0,0,0,5,2,3,6,2,4,8,2,6,0.703703704
2016/9/29 19:40,22,17,5,5,0,5,10,3,7,14,4,10,16,4,12,0.772727273
2016/9/29 20:00,30,23,7,3,1,2,4,2,2,5,2,3,7,3,4,0.766666667
2016/9/29 20:20,16,9,7,5,1,4,8,1,7,11,3,8,22,7,15,0.5625
2016/9/29 20:40,21,18,3,5,2,3,5,2,3,6,2,4,7,3,4,0.857142857
2016/9/29 21:00,24,19,5,3,1,2,7,2,5,13,3,10,14,3,11,0.791666667
2016/9/29 21:20,16,12,4,5,1,4,5,1,4,8,2,6,12,3,9,0.75
2016/9/29 21:40,17,13,4,1,0,1,1,0,1,4,2,2,5,2,3,0.764705882
2016/9/29 22:00,15,13,2,1,1,0,5,3,2,7,3,4,10,3,7,0.866666667
2016/9/29 22:20,11,9,2,0,0,0,3,1,2,3,1,2,3,1,2,0.818181818
2016/9/29 22:40,7,6,1,1,0,1,2,1,1,4,1,3,7,1,6,0.857142857
2016/9/29 23:00,3,1,2,0,0,0,2,1,1,2,1,1,2,1,1,0.333333333
2016/9/29 23:20,5,5,0,0,0,0,2,2,0,2,2,0,2,2,0,1
2016/9/29 23:40,8,7,1,3,0,3,4,0,4,5,0,5,5,0,5,0.875
2016/9/30 0:00,18,17,1,3,0,3,3,0,3,3,0,3,3,0,3,0.944444444
2016/9/30 0:20,16,16,0,5,0,5,7,0,7,8,0,8,10,0,10,1
2016/9/30 0:40,8,8,0,1,0,1,4,0,4,7,0,7,7,0,7,1
2016/9/30 1:00,12,12,0,2,0,2,3,0,3,3,0,3,4,0,4,1
2016/9/30 1:20,9,9,0,2,0,2,5,0,5,5,0,5,7,0,7,1
2016/9/30 1:40,10,9,1,1,0,1,3,0,3,3,0,3,4,0,4,0.9
2016/9/30 2:00,5,5,0,2,0,2,4,0,4,4,0,4,4,0,4,1
2016/9/30 2:20,4,4,0,0,0,0,0,0,0,1,0,1,1,0,1,1
2016/9/30 2:40,7,7,0,2,0,2,2,0,2,2,0,2,3,0,3,1
2016/9/30 3:00,10,9,1,1,0,1,1,0,1,4,0,4,4,0,4,0.9
2016/9/30 3:20,8,7,1,2,0,2,2,0,2,2,0,2,4,1,3,0.875
2016/9/30 3:40,16,14,2,3,0,3,3,0,3,3,0,3,3,0,3,0.875
2016/9/30 4:00,19,15,4,4,1,3,7,1,6,9,2,7,12,2,10,0.789473684
2016/9/30 4:20,9,8,1,3,0,3,3,0,3,7,1,6,10,2,8,0.888888889
2016/9/30 4:40,21,18,3,1,0,1,2,0,2,3,0,3,6,1,5,0.857142857
2016/9/30 5:00,7,6,1,2,1,1,4,1,3,7,1,6,8,1,7,0.857142857
2016/9/30 5:20,3,3,0,0,0,0,1,0,1,1,0,1,2,0,2,1
2016/9/30 5:40,9,6,3,0,0,0,0,0,0,0,0,0,0,0,0,0.666666667
2016/9/30 6:00,10,9,1,3,2,1,4,3,1,4,3,1,5,3,2,0.9
2016/9/30 6:20,17,13,4,4,1,3,5,1,4,5,1,4,5,1,4,0.764705882
2016/9/30 6:40,24,21,3,1,0,1,4,0,4,6,1,5,8,2,6,0.875
2016/9/30 7:00,29,18,11,5,1,4,7,1,6,9,2,7,15,3,12,0.620689655
2016/9/30 7:20,31,25,6,7,3,4,8,3,5,10,4,6,19,7,12,0.806451613
2016/9/30 7:40,44,33,11,7,3,4,11,4,7,15,5,10,19,5,14,0.75
2016/9/30 8:00,46,29,17,9,2,7,13,2,11,18,4,14,25,6,19,0.630434783
2016/9/30 8:20,48,30,18,5,1,4,9,3,6,15,4,11,24,9,15,0.625
2016/9/30 8:40,47,36,11,6,3,3,13,5,8,19,6,13,24,10,14,0.765957447
2016/9/30 9:00,60,51,9,6,0,6,11,1,10,12,1,11,23,4,19,0.85
2016/9/30 9:20,61,42,19,10,2,8,19,3,16,25,4,21,28,4,24,0.68852459
2016/9/30 9:40,63,51,12,8,0,8,18,2,16,25,4,21,32,6,26,0.80952381
2016/9/30 10:00,80,63,17,8,1,7,15,1,14,26,5,21,33,7,26,0.7875
2016/9/30 10:20,82,66,16,13,2,11,24,6,18,32,7,25,47,11,36,0.804878049
2016/9/30 10:40,71,57,14,16,5,11,21,6,15,28,7,21,39,10,29,0.802816901
2016/9/30 11:00,55,45,10,15,3,12,21,3,18,31,7,24,38,7,31,0.818181818
2016/9/30 11:20,48,38,10,6,0,6,12,0,12,19,2,17,26,3,23,0.791666667
2016/9/30 11:40,55,38,17,8,3,5,12,3,9,24,7,17,30,7,23,0.690909091
2016/9/30 12:00,74,52,22,8,2,6,11,3,8,21,6,15,31,10,21,0.702702703
2016/9/30 12:20,86,62,24,8,3,5,11,3,8,21,6,15,30,8,22,0.720930233
2016/9/30 12:40,99,67,32,12,6,6,19,7,12,28,7,21,41,12,29,0.676767677
2016/9/30 13:00,108,85,23,15,7,8,20,7,13,29,9,20,50,16,34,0.787037037
2016/9/30 13:20,98,79,19,17,1,16,28,5,23,45,8,37,68,15,53,0.806122449
2016/9/30 13:40,95,74,21,10,2,8,17,3,14,25,5,20,42,9,33,0.778947368
2016/9/30 14:00,88,66,22,16,1,15,29,6,23,35,7,28,50,12,38,0.75
2016/9/30 14:20,71,58,13,15,3,12,22,4,18,32,5,27,46,10,36,0.816901408
2016/9/30 14:40,84,67,17,15,5,10,23,6,17,29,6,23,43,11,32,0.797619048
2016/9/30 15:00,75,55,20,15,7,8,25,8,17,36,9,27,44,11,33,0.733333333
2016/9/30 15:20,80,58,22,13,1,12,19,2,17,32,6,26,42,11,31,0.725
2016/9/30 15:40,124,84,40,10,2,8,21,3,18,29,6,23,38,8,30,0.677419355
2016/9/30 16:00,130,106,24,21,8,13,31,10,21,45,15,30,60,17,43,0.815384615
2016/9/30 16:20,132,100,32,11,3,8,25,4,21,37,5,32,53,7,46,0.757575758
2016/9/30 16:40,117,96,21,27,10,17,40,12,28,51,16,35,63,18,45,0.820512821
2016/9/30 17:00,87,65,22,12,2,10,22,3,19,35,6,29,50,8,42,0.747126437
2016/9/30 17:20,98,79,19,12,1,11,15,1,14,24,3,21,41,9,32,0.806122449
2016/9/30 17:40,133,119,14,18,4,14,28,6,22,40,9,31,60,11,49,0.894736842
2016/9/30 18:00,137,119,18,22,1,21,37,4,33,58,5,53,77,8,69,0.868613139
2016/9/30 18:20,172,152,20,24,4,20,33,6,27,40,6,34,64,9,55,0.88372093
2016/9/30 18:40,156,140,16,29,6,23,46,7,39,59,9,50,81,11,70,0.897435897
2016/9/30 19:00,156,143,13,15,1,14,31,4,27,43,4,39,77,9,68,0.916666667
2016/9/30 19:20,154,141,13,19,2,17,35,2,33,48,5,43,73,6,67,0.915584416
2016/9/30 19:40,166,152,14,27,4,23,43,4,39,60,4,56,80,6,74,0.915662651
2016/9/30 20:00,159,147,12,29,1,28,46,1,45,57,3,54,76,5,71,0.924528302
2016/9/30 20:20,149,132,17,30,0,30,47,2,45,62,3,59,88,5,83,0.88590604
2016/9/30 20:40,182,162,20,16,3,13,25,3,22,39,5,34,64,6,58,0.89010989
2016/9/30 21:00,151,133,18,27,4,23,42,4,38,63,6,57,95,7,88,0.880794702
2016/9/30 21:20,162,139,23,27,3,24,46,7,39,63,7,56,80,8,72,0.858024691
2016/9/30 21:40,137,125,12,13,1,12,31,3,28,44,5,39,62,7,55,0.912408759
2016/9/30 22:00,123,116,7,19,3,16,32,3,29,47,3,44,66,5,61,0.943089431
2016/9/30 22:20,107,101,6,24,0,24,37,1,36,50,2,48,61,2,59,0.943925234
2016/9/30 22:40,117,113,4,21,1,20,32,1,31,45,1,44,62,3,59,0.965811966
2016/9/30 23:00,101,96,5,13,0,13,20,1,19,38,2,36,55,2,53,0.95049505
2016/9/30 23:20,70,60,10,14,1,13,26,2,24,36,2,34,45,2,43,0.857142857
2016/9/30 23:40,45,43,2,10,2,8,16,3,13,22,5,17,38,6,32,0.955555556
2016/10/1 0:00,86,84,2,2,0,2,11,2,9,12,2,10,24,2,22,0.976744186
2016/10/1 0:20,63,61,2,15,0,15,23,0,23,31,0,31,36,0,36,0.968253968
2016/10/1 0:40,56,55,1,14,1,13,19,1,18,24,1,23,25,1,24,0.982142857
2016/10/1 1:00,65,62,3,8,0,8,11,0,11,16,0,16,26,1,25,0.953846154
2016/10/1 1:20,56,52,4,9,0,9,12,0,12,24,1,23,28,1,27,0.928571429
2016/10/1 1:40,43,43,0,9,1,8,12,1,11,20,1,19,26,1,25,1
2016/10/1 2:00,31,31,0,6,0,6,13,0,13,18,0,18,20,0,20,1
2016/10/1 2:20,48,48,0,1,0,1,5,0,5,9,0,9,12,0,12,1
2016/10/1 2:40,46,46,0,12,0,12,14,0,14,22,0,22,31,0,31,1
2016/10/1 3:00,41,39,2,5,0,5,12,0,12,18,0,18,27,0,27,0.951219512
2016/10/1 3:20,48,48,0,5,0,5,12,0,12,15,0,15,25,1,24,1
2016/10/1 3:40,46,45,1,13,0,13,16,0,16,21,0,21,28,0,28,0.97826087
2016/10/1 4:00,59,57,2,8,0,8,13,0,13,14,0,14,17,0,17,0.966101695
2016/10/1 4:20,81,81,0,11,1,10,21,1,20,27,1,26,35,1,34,1
2016/10/1 4:40,101,98,3,16,0,16,29,0,29,34,0,34,39,0,39,0.97029703
2016/10/1 5:00,142,139,3,21,0,21,34,0,34,48,0,48,57,1,56,0.978873239
2016/10/1 5:20,151,147,4,19,1,18,37,2,35,47,2,45,62,2,60,0.973509934
2016/10/1 5:40,193,191,2,25,1,24,31,1,30,49,3,46,70,3,67,0.989637306
2016/10/1 6:00,213,210,3,30,0,30,54,0,54,67,0,67,92,0,92,0.985915493
2016/10/1 6:20,257,247,10,26,2,24,51,2,49,73,2,71,103,2,101,0.961089494
2016/10/1 6:40,275,264,11,50,1,49,94,3,91,113,5,108,147,8,139,0.96
2016/10/1 7:00,267,259,8,51,1,50,84,2,82,116,4,112,150,6,144,0.970037453
2016/10/1 7:20,244,236,8,56,2,54,79,3,76,112,4,108,145,6,139,0.967213115
2016/10/1 7:40,233,232,1,31,1,30,49,3,46,71,3,68,115,5,110,0.995708155
2016/10/1 8:00,217,217,0,24,0,24,46,0,46,72,0,72,100,0,100,1
2016/10/1 8:20,210,208,2,37,0,37,60,0,60,79,0,79,115,0,115,0.99047619
2016/10/1 8:40,198,197,1,27,0,27,48,0,48,76,1,75,108,1,107,0.994949495
2016/10/1 9:00,251,240,11,33,0,33,52,1,51,69,1,68,101,1,100,0.956175299
2016/10/1 9:20,249,242,7,46,1,45,71,1,70,92,1,91,126,2,124,0.97188755
2016/10/1 9:40,242,229,13,60,1,59,83,1,82,106,2,104,140,2,138,0.946280992
2016/10/1 10:00,281,269,12,31,5,26,50,5,45,68,5,63,101,6,95,0.957295374
2016/10/1 10:20,204,195,9,49,2,47,83,4,79,110,6,104,141,9,132,0.955882353
2016/10/1 10:40,212,204,8,33,1,32,49,3,46,60,3,57,87,5,82,0.962264151
2016/10/1 11:00,202,194,8,38,2,36,64,3,61,86,3,83,111,5,106,0.96039604
2016/10/1 11:20,195,188,7,37,4,33,60,6,54,76,7,69,102,8,94,0.964102564
2016/10/1 11:40,188,175,13,37,0,37,55,1,54,73,2,71,98,3,95,0.930851064
2016/10/1 12:00,200,192,8,29,0,29,57,2,55,86,5,81,105,6,99,0.96
2016/10/1 12:20,215,208,7,25,0,25,39,1,38,63,4,59,84,5,79,0.96744186
2016/10/1 12:40,237,229,8,32,0,32,58,0,58,72,1,71,105,3,102,0.966244726
2016/10/1 13:00,239,228,11,29,0,29,50,2,48,74,3,71,111,4,107,0.953974895
2016/10/1 13:20,207,201,6,28,2,26,46,3,43,71,3,68,111,5,106,0.971014493
2016/10/1 13:40,224,214,10,27,1,26,48,1,47,73,1,72,104,2,102,0.955357143
2016/10/1 14:00,246,242,4,26,1,25,45,1,44,73,1,72,103,2,101,0.983739837
2016/10/1 14:20,213,206,7,40,1,39,63,3,60,88,3,85,126,4,122,0.96713615
2016/10/1 14:40,244,238,6,15,0,15,43,1,42,60,1,59,106,2,104,0.975409836
2016/10/1 15:00,203,199,4,34,2,32,59,3,56,76,3,73,110,3,107,0.980295567
2016/10/1 15:20,183,177,6,27,0,27,36,1,35,55,2,53,83,2,81,0.967213115
2016/10/1 15:40,179,176,3,20,1,19,48,2,46,63,2,61,95,4,91,0.983240223
2016/10/1 16:00,188,180,8,31,1,30,56,1,55,67,1,66,100,1,99,0.957446809
2016/10/1 16:20,208,201,7,26,0,26,51,1,50,78,2,76,97,2,95,0.966346154
2016/10/1 16:40,162,155,7,31,4,27,51,4,47,69,4,65,106,6,100,0.956790123
2016/10/1 17:00,161,156,5,24,0,24,33,0,33,48,1,47,76,2,74,0.968944099
2016/10/1 17:20,134,131,3,29,1,28,48,3,45,60,3,57,82,4,78,0.97761194
2016/10/1 17:40,97,96,1,25,0,25,29,1,28,40,1,39,66,1,65,0.989690722
2016/10/1 18:00,99,96,3,15,0,15,27,0,27,32,0,32,51,1,50,0.96969697
2016/10/1 18:20,82,80,2,19,0,19,28,0,28,38,2,36,52,3,49,0.975609756
2016/10/1 18:40,89,89,0,11,0,11,19,0,19,27,0,27,40,0,40,1
2016/10/1 19:00,76,72,4,11,0,11,22,0,22,27,0,27,40,0,40,0.947368421
2016/10/1 19:20,77,74,3,2,1,1,17,2,15,23,2,21,34,3,31,0.961038961
2016/10/1 19:40,94,89,5,19,2,17,28,2,26,32,2,30,42,2,40,0.946808511
2016/10/1 20:00,88,86,2,7,0,7,19,1,18,31,2,29,44,2,42,0.977272727
2016/10/1 20:20,68,67,1,17,1,16,25,1,24,32,2,30,49,2,47,0.985294118
2016/10/1 20:40,79,77,2,13,0,13,15,0,15,20,0,20,32,0,32,0.974683544
2016/10/1 21:00,51,49,2,12,0,12,18,0,18,32,0,32,39,1,38,0.960784314
2016/10/1 21:20,52,49,3,7,0,7,14,0,14,23,0,23,27,0,27,0.942307692
2016/10/1 21:40,52,51,1,4,1,3,7,2,5,17,2,15,19,2,17,0.980769231
2016/10/1 22:00,46,44,2,4,0,4,9,0,9,17,0,17,21,0,21,0.956521739
2016/10/1 22:20,23,20,3,3,0,3,10,0,10,11,1,10,19,2,17,0.869565217
2016/10/1 22:40,41,40,1,0,0,0,3,0,3,4,0,4,6,0,6,0.975609756
2016/10/1 23:00,35,35,0,11,0,11,11,0,11,11,0,11,16,0,16,1
2016/10/1 23:20,16,16,0,2,0,2,4,0,4,9,0,9,18,0,18,1
2016/10/1 23:40,0,0,0,0,0,0,1,0,1,3,0,3,3,0,3,0
2016/10/2 0:00,13,13,0,0,0,0,0,0,0,0,0,0,0,0,0,1
2016/10/2 0:20,7,7,0,0,0,0,2,0,2,3,0,3,5,0,5,1
2016/10/2 0:40,3,3,0,3,0,3,5,0,5,5,0,5,5,0,5,1
2016/10/2 1:00,3,3,0,0,0,0,0,0,0,1,0,1,1,0,1,1
2016/10/2 1:20,9,9,0,0,0,0,0,0,0,0,0,0,0,0,0,1
2016/10/2 1:40,4,4,0,1,0,1,2,0,2,3,0,3,4,0,4,1
2016/10/2 2:00,18,17,1,0,0,0,1,0,1,1,0,1,2,0,2,0.944444444
2016/10/2 2:20,6,6,0,8,0,8,10,0,10,12,0,12,14,0,14,1
2016/10/2 2:40,4,4,0,1,0,1,1,0,1,1,0,1,1,0,1,1
2016/10/2 3:00,10,10,0,0,0,0,0,0,0,2,0,2,3,0,3,1
2016/10/2 3:20,10,8,2,1,0,1,1,0,1,1,0,1,2,0,2,0.8
2016/10/2 3:40,4,3,1,3,0,3,6,1,5,7,1,6,8,1,7,0.75
2016/10/2 4:00,9,9,0,0,0,0,0,0,0,1,0,1,1,0,1,1
2016/10/2 4:20,10,10,0,0,0,0,1,0,1,3,0,3,4,0,4,1
2016/10/2 4:40,28,27,1,0,0,0,1,0,1,3,0,3,4,0,4,0.964285714
2016/10/2 5:00,27,27,0,2,0,2,3,0,3,7,0,7,14,1,13,1
2016/10/2 5:20,28,28,0,4,0,4,5,0,5,6,0,6,12,0,12,1
2016/10/2 5:40,45,44,1,14,0,14,14,0,14,15,0,15,17,0,17,0.977777778
2016/10/2 6:00,64,64,0,9,0,9,12,1,11,15,1,14,26,1,25,1
2016/10/2 6:20,79,75,4,8,0,8,18,0,18,24,0,24,33,0,33,0.949367089
2016/10/2 6:40,73,66,7,10,2,8,22,2,20,33,2,31,48,3,45,0.904109589
2016/10/2 7:00,163,159,4,7,0,7,13,0,13,23,1,22,31,3,28,0.975460123
2016/10/2 7:20,164,156,8,12,0,12,31,0,31,70,0,70,82,0,82,0.951219512
2016/10/2 7:40,168,163,5,32,0,32,41,2,39,57,3,54,88,5,83,0.970238095
2016/10/2 8:00,203,189,14,22,0,22,41,0,41,56,0,56,75,0,75,0.931034483
2016/10/2 8:20,237,229,8,29,3,26,52,6,46,87,11,76,111,11,100,0.966244726
2016/10/2 8:40,277,265,12,44,2,42,80,4,76,100,4,96,126,7,119,0.9566787
2016/10/2 9:00,266,256,10,44,0,44,72,2,70,105,4,101,145,5,140,0.962406015
2016/10/2 9:20,271,266,5,45,2,43,63,4,59,97,5,92,137,7,130,0.981549815
2016/10/2 9:40,211,194,17,33,0,33,61,0,61,92,0,92,129,0,129,0.91943128
2016/10/2 10:00,130,117,13,17,2,15,27,2,25,31,2,29,60,6,54,0.9
2016/10/2 10:20,152,131,21,14,1,13,39,3,36,50,4,46,69,6,63,0.861842105
2016/10/2 10:40,194,189,5,20,2,18,33,2,31,59,4,55,74,7,67,0.974226804
2016/10/2 11:00,160,147,13,30,0,30,50,1,49,69,1,68,96,2,94,0.91875
2016/10/2 11:20,154,148,6,22,3,19,31,3,28,54,5,49,77,5,72,0.961038961
2016/10/2 11:40,158,148,10,21,0,21,33,0,33,49,1,48,75,1,74,0.936708861
2016/10/2 12:00,146,140,6,20,2,18,41,2,39,51,2,49,80,5,75,0.95890411
2016/10/2 12:20,144,134,10,14,1,13,32,2,30,50,3,47,67,5,62,0.930555556
2016/10/2 12:40,172,166,6,23,0,23,35,0,35,47,0,47,74,2,72,0.965116279
2016/10/2 13:00,175,164,11,21,0,21,35,1,34,55,1,54,84,2,82,0.937142857
2016/10/2 13:20,193,184,9,31,2,29,46,2,44,52,2,50,88,7,81,0.953367876
2016/10/2 13:40,202,191,11,37,0,37,51,2,49,70,4,66,95,5,90,0.945544554
2016/10/2 14:00,158,153,5,33,3,30,45,4,41,75,4,71,109,6,103,0.96835443
2016/10/2 14:20,183,176,7,29,0,29,47,1,46,61,1,60,84,1,83,0.961748634
2016/10/2 14:40,183,176,7,24,0,24,47,3,44,67,5,62,77,5,72,0.961748634
2016/10/2 15:00,182,172,10,22,1,21,46,2,44,60,2,58,96,5,91,0.945054945
2016/10/2 15:20,170,161,9,26,3,23,50,4,46,73,5,68,97,6,91,0.947058824
2016/10/2 15:40,167,157,10,31,2,29,47,2,45,60,4,56,88,5,83,0.94011976
2016/10/2 16:00,162,152,10,20,0,20,38,1,37,56,3,53,78,5,73,0.938271605
2016/10/2 16:20,168,162,6,31,1,30,44,1,43,68,1,67,86,3,83,0.964285714
2016/10/2 16:40,127,116,11,25,3,22,39,4,35,56,5,51,94,5,89,0.913385827
2016/10/2 17:00,166,162,4,14,2,12,29,4,25,43,5,38,66,6,60,0.975903614
2016/10/2 17:20,132,129,3,22,1,21,44,1,43,50,1,49,73,1,72,0.977272727
2016/10/2 17:40,108,104,4,19,0,19,30,0,30,47,1,46,61,2,59,0.962962963
2016/10/2 18:00,97,94,3,16,1,15,25,1,24,33,1,32,51,2,49,0.969072165
2016/10/2 18:20,116,108,8,13,1,12,24,2,22,33,2,31,47,2,45,0.931034483
2016/10/2 18:40,77,73,4,21,1,20,35,4,31,49,5,44,75,6,69,0.948051948
2016/10/2 19:00,92,92,0,9,0,9,15,0,15,25,0,25,38,1,37,1
2016/10/2 19:20,90,89,1,19,0,19,42,0,42,50,0,50,62,0,62,0.988888889
2016/10/2 19:40,73,73,0,13,1,12,20,1,19,32,1,31,46,1,45,1
2016/10/2 20:00,82,80,2,8,0,8,19,0,19,22,0,22,44,0,44,0.975609756
2016/10/2 20:20,105,100,5,11,0,11,19,0,19,28,0,28,46,2,44,0.952380952
2016/10/2 20:40,77,75,2,15,1,14,24,2,22,31,2,29,51,3,48,0.974025974
2016/10/2 21:00,64,62,2,6,0,6,6,0,6,16,1,15,29,1,28,0.96875
2016/10/2 21:20,46,45,1,6,0,6,11,1,10,17,1,16,24,2,22,0.97826087
2016/10/2 21:40,54,52,2,9,1,8,11,1,10,23,1,22,27,1,26,0.962962963
2016/10/2 22:00,57,56,1,16,0,16,20,1,19,21,1,20,35,1,34,0.98245614
2016/10/2 22:20,27,27,0,8,0,8,13,0,13,17,0,17,25,0,25,1
2016/10/2 22:40,31,30,1,2,0,2,7,0,7,10,0,10,15,0,15,0.967741935
2016/10/2 23:00,0,0,0,8,0,8,18,0,18,20,0,20,22,0,22,0
2016/10/2 23:20,13,10,3,0,0,0,0,0,0,0,0,0,0,0,0,0.769230769
2016/10/2 23:40,15,14,1,3,0,3,5,0,5,5,0,5,9,0,9,0.933333333
2016/10/3 0:00,22,22,0,1,0,1,2,0,2,5,1,4,10,1,9,1
2016/10/3 0:20,11,10,1,8,0,8,8,0,8,9,0,9,11,0,11,0.909090909
2016/10/3 0:40,9,8,1,4,1,3,4,1,3,5,1,4,6,1,5,0.888888889
2016/10/3 1:00,8,8,0,0,0,0,0,0,0,1,0,1,5,1,4,1
2016/10/3 1:20,9,9,0,0,0,0,2,0,2,2,0,2,4,0,4,1
2016/10/3 1:40,9,9,0,0,0,0,2,0,2,2,0,2,6,0,6,1
2016/10/3 2:00,8,8,0,2,0,2,3,0,3,4,0,4,5,0,5,1
2016/10/3 2:20,5,5,0,2,0,2,2,0,2,3,0,3,3,0,3,1
2016/10/3 2:40,5,4,1,0,0,0,1,0,1,1,0,1,1,0,1,0.8
2016/10/3 3:00,4,4,0,2,0,2,3,0,3,3,0,3,4,0,4,1
2016/10/3 3:20,12,12,0,1,0,1,1,0,1,2,0,2,2,0,2,1
2016/10/3 3:40,13,12,1,1,0,1,4,0,4,5,0,5,8,0,8,0.923076923
2016/10/3 4:00,14,13,1,1,0,1,5,1,4,9,1,8,9,1,8,0.928571429
2016/10/3 4:20,13,12,1,5,1,4,5,1,4,6,1,5,7,1,6,0.923076923
2016/10/3 4:40,11,11,0,2,1,1,4,1,3,5,1,4,5,1,4,1
2016/10/3 5:00,26,22,4,0,0,0,1,0,1,7,0,7,9,0,9,0.846153846
2016/10/3 5:20,19,19,0,3,1,2,5,1,4,6,1,5,12,3,9,1
2016/10/3 5:40,38,38,0,1,0,1,1,0,1,5,0,5,5,0,5,1
2016/10/3 6:00,34,34,0,8,0,8,10,0,10,10,0,10,13,0,13,1
2016/10/3 6:20,70,67,3,21,0,21,21,0,21,22,0,22,24,0,24,0.957142857
2016/10/3 6:40,75,73,2,27,0,27,29,1,28,34,1,33,39,2,37,0.973333333
2016/10/3 7:00,91,87,4,4,0,4,19,0,19,31,0,31,33,1,32,0.956043956
2016/10/3 7:20,110,105,5,24,1,23,31,2,29,37,2,35,52,3,49,0.954545455
2016/10/3 7:40,140,137,3,18,0,18,28,0,28,38,0,38,59,2,57,0.978571429
2016/10/3 8:00,189,184,5,19,1,18,41,1,40,60,1,59,80,1,79,0.973544974
2016/10/3 8:20,196,183,13,44,0,44,61,2,59,81,3,78,104,3,101,0.933673469
2016/10/3 8:40,204,201,3,42,2,40,64,4,60,75,6,69,96,8,88,0.985294118
2016/10/3 9:00,90,81,9,18,0,18,33,0,33,60,1,59,92,2,90,0.9
2016/10/3 9:20,183,165,18,12,0,12,21,0,21,35,2,33,50,7,43,0.901639344
2016/10/3 9:40,183,159,24,34,3,31,57,6,51,72,7,65,119,12,107,0.868852459
2016/10/3 10:00,170,159,11,35,4,31,50,5,45,67,6,61,95,11,84,0.935294118
2016/10/3 10:20,139,127,12,20,2,18,30,2,28,41,2,39,68,4,64,0.913669065
2016/10/3 10:40,119,103,16,23,2,21,34,3,31,53,3,50,77,6,71,0.865546218
2016/10/3 11:00,103,94,9,18,4,14,36,6,30,47,9,38,50,10,40,0.912621359
2016/10/3 11:20,189,184,5,12,2,10,22,2,20,41,3,38,53,7,46,0.973544974
2016/10/3 11:40,120,114,6,41,0,41,56,0,56,80,2,78,104,3,101,0.95
2016/10/3 12:00,133,129,4,13,1,12,34,3,31,44,4,40,64,5,59,0.969924812
2016/10/3 12:20,154,143,11,20,3,17,34,3,31,48,3,45,66,3,63,0.928571429
2016/10/3 12:40,165,155,10,25,4,21,41,6,35,54,7,47,76,8,68,0.939393939
2016/10/3 13:00,155,151,4,26,3,23,54,4,50,68,5,63,90,6,84,0.974193548
2016/10/3 13:20,179,171,8,27,0,27,36,0,36,55,1,54,87,3,84,0.955307263
2016/10/3 13:40,178,169,9,26,1,25,46,3,43,60,5,55,92,5,87,0.949438202
2016/10/3 14:00,183,170,13,19,1,18,32,3,29,54,4,50,84,5,79,0.928961749
2016/10/3 14:20,207,199,8,30,1,29,49,1,48,66,3,63,91,6,85,0.961352657
2016/10/3 14:40,176,172,4,30,1,29,60,1,59,78,2,76,99,3,96,0.977272727
2016/10/3 15:00,176,170,6,24,0,24,35,0,35,50,1,49,75,1,74,0.965909091
2016/10/3 15:20,181,174,7,27,0,27,52,0,52,68,1,67,89,4,85,0.961325967
2016/10/3 15:40,174,165,9,25,2,23,40,2,38,47,2,45,81,3,78,0.948275862
2016/10/3 16:00,147,142,5,33,3,30,45,3,42,60,3,57,87,4,83,0.965986395
2016/10/3 16:20,142,134,8,24,1,23,33,1,32,52,1,51,69,2,67,0.943661972
2016/10/3 16:40,105,98,7,26,1,25,39,1,38,50,2,48,66,3,63,0.933333333
2016/10/3 17:00,153,149,4,17,0,17,29,0,29,37,1,36,53,1,52,0.973856209
2016/10/3 17:20,116,110,6,23,0,23,37,0,37,56,1,55,84,1,83,0.948275862
2016/10/3 17:40,111,108,3,17,0,17,32,2,30,43,2,41,62,4,58,0.972972973
2016/10/3 18:00,111,108,3,19,2,17,31,3,28,35,3,32,48,3,45,0.972972973
2016/10/3 18:20,96,91,5,16,2,14,25,2,23,37,2,35,53,2,51,0.947916667
2016/10/3 18:40,84,82,2,23,2,21,31,3,28,36,3,33,47,3,44,0.976190476
2016/10/3 19:00,88,85,3,12,0,12,19,0,19,29,0,29,38,0,38,0.965909091
2016/10/3 19:20,89,86,3,7,0,7,14,1,13,23,1,22,50,1,49,0.966292135
2016/10/3 19:40,89,87,2,12,1,11,25,3,22,35,3,32,44,3,41,0.97752809
2016/10/3 20:00,75,69,6,18,0,18,28,1,27,36,1,35,43,1,42,0.92
2016/10/3 20:20,72,70,2,14,0,14,23,0,23,27,1,26,34,1,33,0.972222222
2016/10/3 20:40,72,68,4,13,0,13,20,0,20,28,1,27,40,2,38,0.944444444
2016/10/3 21:00,70,64,6,11,1,10,19,1,18,24,1,23,32,2,30,0.914285714
2016/10/3 21:20,69,66,3,9,2,7,16,2,14,24,2,22,37,3,34,0.956521739
2016/10/3 21:40,56,54,2,10,1,9,17,1,16,20,1,19,32,1,31,0.964285714
2016/10/3 22:00,36,34,2,3,0,3,9,0,9,13,0,13,25,0,25,0.944444444
2016/10/3 22:20,42,40,2,6,0,6,12,0,12,13,0,13,17,0,17,0.952380952
2016/10/3 22:40,40,39,1,4,0,4,10,0,10,13,0,13,21,0,21,0.975
2016/10/3 23:00,37,37,0,8,1,7,11,1,10,15,1,14,15,1,14,1
2016/10/3 23:20,20,20,0,6,0,6,9,0,9,14,0,14,20,0,20,1
2016/10/3 23:40,21,19,2,4,0,4,4,0,4,5,0,5,11,0,11,0.904761905
2016/10/4 0:00,10,10,0,7,1,6,8,1,7,9,2,7,11,2,9,1
2016/10/4 0:20,19,19,0,2,0,2,4,0,4,6,0,6,7,0,7,1
2016/10/4 0:40,14,14,0,3,0,3,5,0,5,7,0,7,9,0,9,1
2016/10/4 1:00,12,11,1,3,0,3,6,0,6,9,0,9,9,0,9,0.916666667
2016/10/4 1:20,10,10,0,2,0,2,3,0,3,4,0,4,8,0,8,1
2016/10/4 1:40,10,9,1,1,0,1,4,0,4,5,0,5,5,0,5,0.9
2016/10/4 2:00,7,7,0,3,0,3,3,0,3,3,0,3,4,0,4,1
2016/10/4 2:20,8,8,0,3,0,3,3,0,3,3,0,3,4,0,4,1
2016/10/4 2:40,6,6,0,0,0,0,0,0,0,1,0,1,2,0,2,1
2016/10/4 3:00,8,7,1,0,0,0,0,0,0,1,0,1,1,0,1,0.875
2016/10/4 3:20,10,10,0,3,0,3,5,0,5,6,0,6,7,1,6,1
2016/10/4 3:40,11,11,0,4,0,4,4,0,4,6,0,6,7,0,7,1
2016/10/4 4:00,7,7,0,2,0,2,3,0,3,4,0,4,5,0,5,1
2016/10/4 4:20,10,10,0,1,0,1,1,0,1,3,0,3,3,0,3,1
2016/10/4 4:40,13,13,0,0,0,0,1,0,1,3,0,3,5,0,5,1
2016/10/4 5:00,18,18,0,3,0,3,3,0,3,3,0,3,4,0,4,1
2016/10/4 5:20,27,25,2,2,0,2,5,0,5,8,0,8,10,0,10,0.925925926
2016/10/4 5:40,30,29,1,3,0,3,7,0,7,12,0,12,13,0,13,0.966666667
2016/10/4 6:00,40,40,0,5,0,5,9,0,9,12,0,12,16,0,16,1
2016/10/4 6:20,58,58,0,6,0,6,9,0,9,15,0,15,18,0,18,1
2016/10/4 6:40,82,80,2,9,0,9,15,0,15,20,0,20,30,0,30,0.975609756
2016/10/4 7:00,102,97,5,11,0,11,22,0,22,30,0,30,35,0,35,0.950980392
2016/10/4 7:20,123,120,3,19,0,19,23,0,23,32,1,31,46,3,43,0.975609756
2016/10/4 7:40,135,130,5,16,1,15,25,2,23,37,2,35,59,3,56,0.962962963
2016/10/4 8:00,175,170,5,20,0,20,35,0,35,56,0,56,74,1,73,0.971428571
2016/10/4 8:20,192,183,9,40,1,39,67,2,65,75,3,72,102,3,99,0.953125
2016/10/4 8:40,215,211,4,48,3,45,61,4,57,80,4,76,109,7,102,0.981395349
2016/10/4 9:00,232,225,7,38,1,37,61,2,59,84,2,82,115,2,113,0.969827586
2016/10/4 9:20,207,203,4,35,0,35,54,1,53,74,1,73,110,6,104,0.980676329
2016/10/4 9:40,229,217,12,35,0,35,58,0,58,83,0,83,108,0,108,0.947598253
2016/10/4 10:00,241,234,7,29,1,28,55,3,52,75,5,70,108,6,102,0.970954357
2016/10/4 10:20,213,208,5,44,1,43,67,2,65,83,3,80,122,4,118,0.976525822
2016/10/4 10:40,224,218,6,34,1,33,60,3,57,84,3,81,111,3,108,0.973214286
2016/10/4 11:00,176,172,4,42,2,40,70,4,66,79,4,75,121,5,116,0.977272727
2016/10/4 11:20,164,155,9,30,1,29,47,1,46,66,1,65,90,1,89,0.945121951
2016/10/4 11:40,151,144,7,28,0,28,46,2,44,63,3,60,96,4,92,0.953642384
2016/10/4 12:00,140,133,7,25,0,25,30,1,29,46,1,45,65,2,63,0.95
2016/10/4 12:20,141,136,5,23,1,22,34,1,33,51,3,48,62,3,59,0.964539007
2016/10/4 12:40,167,159,8,23,1,22,33,1,32,42,1,41,74,2,72,0.952095808
2016/10/4 13:00,163,152,11,36,1,35,55,3,52,81,4,77,98,5,93,0.932515337
2016/10/4 13:20,173,166,7,32,2,30,43,3,40,57,3,54,87,4,83,0.959537572
2016/10/4 13:40,138,131,7,22,2,20,40,3,37,55,4,51,75,4,71,0.949275362
2016/10/4 14:00,191,182,9,11,0,11,24,1,23,39,1,38,59,2,57,0.952879581
2016/10/4 14:20,174,165,9,29,2,27,42,4,38,66,4,62,89,7,82,0.948275862
2016/10/4 14:40,196,191,5,33,4,29,50,5,45,63,7,56,95,8,87,0.974489796
2016/10/4 15:00,200,192,8,21,1,20,41,3,38,57,3,54,87,4,83,0.96
2016/10/4 15:20,215,208,7,42,1,41,57,1,56,77,1,76,113,4,109,0.96744186
2016/10/4 15:40,189,180,9,43,2,41,62,2,60,90,3,87,123,4,119,0.952380952
2016/10/4 16:00,199,189,10,38,3,35,49,3,46,72,4,68,99,5,94,0.949748744
2016/10/4 16:20,224,214,10,28,1,27,41,1,40,58,2,56,97,4,93,0.955357143
2016/10/4 16:40,216,211,5,21,0,21,53,0,53,77,2,75,97,6,91,0.976851852
2016/10/4 17:00,205,201,4,33,2,31,58,2,56,79,2,77,114,3,111,0.980487805
2016/10/4 17:20,193,190,3,26,0,26,45,1,44,70,3,67,99,3,96,0.984455959
2016/10/4 17:40,173,171,2,41,0,41,52,0,52,77,0,77,112,1,111,0.988439306
2016/10/4 18:00,131,126,5,21,0,21,30,0,30,39,0,39,76,1,75,0.961832061
2016/10/4 18:20,107,102,5,29,2,27,42,2,40,56,3,53,77,3,74,0.953271028
2016/10/4 18:40,111,107,4,11,1,10,25,2,23,35,3,32,48,3,45,0.963963964
2016/10/4 19:00,130,129,1,12,1,11,25,1,24,33,1,32,58,2,56,0.992307692
2016/10/4 19:20,115,113,2,11,0,11,26,0,26,38,1,37,61,1,60,0.982608696
2016/10/4 19:40,123,123,0,27,1,26,36,1,35,54,1,53,67,1,66,1
2016/10/4 20:00,109,108,1,26,0,26,39,0,39,57,0,57,70,0,70,0.990825688
2016/10/4 20:20,126,125,1,20,0,20,37,0,37,53,0,53,75,1,74,0.992063492
2016/10/4 20:40,86,85,1,11,0,11,19,0,19,27,0,27,42,0,42,0.988372093
2016/10/4 21:00,80,79,1,8,0,8,18,0,18,24,0,24,41,0,41,0.9875
2016/10/4 21:20,52,48,4,7,0,7,15,0,15,26,0,26,42,0,42,0.923076923
2016/10/4 21:40,47,45,2,4,0,4,9,0,9,13,0,13,17,0,17,0.957446809
2016/10/4 22:00,45,41,4,7,0,7,14,0,14,21,0,21,26,0,26,0.911111111
2016/10/4 22:20,39,39,0,4,0,4,10,0,10,16,0,16,22,1,21,1
2016/10/4 22:40,27,26,1,10,0,10,12,0,12,18,0,18,22,0,22,0.962962963
2016/10/4 23:00,28,25,3,5,0,5,7,0,7,9,1,8,11,1,10,0.892857143
2016/10/4 23:20,16,16,0,5,1,4,6,2,4,7,3,4,9,3,6,1
2016/10/4 23:40,21,21,0,2,0,2,4,0,4,7,0,7,7,0,7,1
2016/10/5 0:00,31,31,0,2,0,2,5,0,5,6,0,6,11,0,11,1
2016/10/5 0:20,18,18,0,5,0,5,7,0,7,11,0,11,13,0,13,1
2016/10/5 0:40,16,15,1,7,0,7,8,0,8,8,0,8,10,0,10,0.9375
2016/10/5 1:00,6,5,1,2,0,2,3,0,3,6,0,6,8,0,8,0.833333333
2016/10/5 1:20,12,12,0,2,0,2,3,0,3,3,0,3,3,0,3,1
2016/10/5 1:40,7,7,0,4,0,4,6,0,6,7,0,7,7,0,7,1
2016/10/5 2:00,9,9,0,0,0,0,0,0,0,3,0,3,5,0,5,1
2016/10/5 2:20,13,13,0,2,0,2,5,0,5,6,0,6,6,0,6,1
2016/10/5 2:40,3,3,0,2,0,2,2,0,2,3,0,3,3,0,3,1
2016/10/5 3:00,11,11,0,0,0,0,1,0,1,1,0,1,1,0,1,1
2016/10/5 3:20,5,5,0,1,0,1,2,0,2,5,0,5,5,0,5,1
2016/10/5 3:40,6,6,0,1,0,1,3,0,3,3,0,3,3,0,3,1
2016/10/5 4:00,10,10,0,0,0,0,0,0,0,0,0,0,1,0,1,1
2016/10/5 4:20,11,11,0,0,0,0,4,0,4,4,0,4,6,0,6,1
2016/10/5 4:40,22,22,0,0,0,0,6,0,6,7,0,7,7,0,7,1
2016/10/5 5:00,25,25,0,1,0,1,3,0,3,6,0,6,8,0,8,1
2016/10/5 5:20,23,22,1,5,0,5,5,0,5,11,0,11,13,0,13,0.956521739
2016/10/5 5:40,41,40,1,6,1,5,8,1,7,12,1,11,12,1,11,0.975609756
2016/10/5 6:00,43,40,3,9,0,9,10,0,10,12,0,12,17,1,16,0.930232558
2016/10/5 6:20,67,65,2,5,0,5,10,1,9,19,1,18,26,2,24,0.970149254
2016/10/5 6:40,86,81,5,14,0,14,16,1,15,17,1,16,30,1,29,0.941860465
2016/10/5 7:00,87,80,7,22,1,21,28,2,26,34,2,32,45,3,42,0.91954023
2016/10/5 7:20,102,97,5,18,2,16,32,4,28,44,4,40,54,4,50,0.950980392
2016/10/5 7:40,130,126,4,18,2,16,30,3,27,40,4,36,53,4,49,0.969230769
2016/10/5 8:00,130,124,6,30,1,29,42,2,40,57,3,54,68,3,65,0.953846154
2016/10/5 8:20,192,185,7,17,0,17,26,2,24,38,2,36,62,3,59,0.963541667
2016/10/5 8:40,182,175,7,33,1,32,53,2,51,79,3,76,113,4,109,0.961538462
2016/10/5 9:00,165,158,7,23,1,22,37,1,36,55,3,52,101,4,97,0.957575758
2016/10/5 9:20,188,182,6,25,0,25,37,1,36,75,3,72,88,5,83,0.968085106
2016/10/5 9:40,166,162,4,25,0,25,36,0,36,53,0,53,80,2,78,0.975903614
2016/10/5 10:00,179,172,7,19,1,18,29,1,28,54,2,52,76,3,73,0.960893855
2016/10/5 10:20,212,206,6,32,1,31,49,1,48,68,1,67,93,3,90,0.971698113
2016/10/5 10:40,223,216,7,37,0,37,64,1,63,83,1,82,114,1,113,0.968609865
2016/10/5 11:00,181,175,6,45,0,45,68,1,67,91,2,89,125,3,122,0.966850829
2016/10/5 11:20,180,171,9,22,1,21,45,2,43,69,4,65,92,4,88,0.95
2016/10/5 11:40,142,138,4,34,3,31,47,4,43,60,4,56,96,5,91,0.971830986
2016/10/5 12:00,173,162,11,29,1,28,37,1,36,50,1,49,74,1,73,0.936416185
2016/10/5 12:20,131,128,3,19,2,17,37,2,35,67,2,65,96,5,91,0.977099237
2016/10/5 12:40,167,157,10,22,1,21,46,2,44,57,2,55,74,2,72,0.94011976
2016/10/5 13:00,162,155,7,28,2,26,44,2,42,58,3,55,72,3,69,0.956790123
2016/10/5 13:20,177,175,2,26,2,24,45,3,42,57,4,53,81,6,75,0.988700565
2016/10/5 13:40,178,169,9,28,1,27,44,1,43,68,1,67,88,1,87,0.949438202
2016/10/5 14:00,222,208,14,24,2,22,39,4,35,64,5,59,85,6,79,0.936936937
2016/10/5 14:20,184,175,9,29,4,25,44,5,39,63,7,56,94,9,85,0.951086957
2016/10/5 14:40,198,194,4,24,0,24,38,0,38,53,0,53,96,4,92,0.97979798
2016/10/5 15:00,239,231,8,26,1,25,46,1,45,65,2,63,98,3,95,0.966527197
2016/10/5 15:20,217,211,6,31,1,30,63,2,61,87,3,84,121,4,117,0.97235023
2016/10/5 15:40,191,183,8,25,0,25,60,0,60,88,1,87,114,2,112,0.958115183
2016/10/5 16:00,253,249,4,45,3,42,64,3,61,90,3,87,108,3,105,0.984189723
2016/10/5 16:20,246,236,10,43,0,43,69,0,69,103,0,103,131,0,131,0.959349593
2016/10/5 16:40,205,196,9,33,2,31,67,2,65,80,2,78,114,3,111,0.956097561
2016/10/5 17:00,163,162,1,35,1,34,62,1,61,81,2,79,103,2,101,0.993865031
2016/10/5 17:20,179,175,4,26,0,26,48,0,48,61,0,61,91,0,91,0.977653631
2016/10/5 17:40,215,212,3,39,0,39,57,0,57,66,0,66,95,3,92,0.986046512
2016/10/5 18:00,189,186,3,37,0,37,49,0,49,71,0,71,104,1,103,0.984126984
2016/10/5 18:20,175,170,5,25,1,24,52,1,51,67,1,66,93,1,92,0.971428571
2016/10/5 18:40,128,125,3,30,0,30,46,0,46,61,0,61,91,2,89,0.9765625
2016/10/5 19:00,107,105,2,12,0,12,26,1,25,35,2,33,54,2,52,0.981308411
2016/10/5 19:20,162,155,7,15,1,14,23,1,22,32,1,31,50,1,49,0.956790123
2016/10/5 19:40,140,137,3,19,3,16,29,4,25,49,4,45,67,4,63,0.978571429
2016/10/5 20:00,152,151,1,20,1,19,30,1,29,40,2,38,60,2,58,0.993421053
2016/10/5 20:20,149,147,2,23,0,23,36,0,36,48,0,48,88,0,88,0.986577181
2016/10/5 20:40,145,142,3,20,0,20,34,0,34,63,0,63,83,0,83,0.979310345
2016/10/5 21:00,125,121,4,23,1,22,44,1,43,51,1,50,74,1,73,0.968
2016/10/5 21:20,93,92,1,13,1,12,31,2,29,51,3,48,71,3,68,0.989247312
2016/10/5 21:40,52,45,7,15,0,15,24,0,24,30,0,30,43,0,43,0.865384615
2016/10/5 22:00,43,40,3,13,1,12,15,1,14,17,1,16,22,1,21,0.930232558
2016/10/5 22:20,43,42,1,8,1,7,12,1,11,14,1,13,17,1,16,0.976744186
2016/10/5 22:40,43,40,3,4,0,4,12,1,11,17,1,16,20,1,19,0.930232558
2016/10/5 23:00,27,27,0,8,0,8,16,1,15,17,1,16,22,1,21,1
2016/10/5 23:20,23,23,0,0,0,0,2,0,2,6,0,6,10,0,10,1
2016/10/5 23:40,26,26,0,3,0,3,9,0,9,13,0,13,20,0,20,1
2016/10/6 0:00,21,20,1,2,0,2,5,0,5,10,0,10,13,0,13,0.952380952
2016/10/6 0:20,22,22,0,5,0,5,6,0,6,8,0,8,12,1,11,1
2016/10/6 0:40,17,17,0,7,0,7,11,0,11,13,0,13,15,0,15,1
2016/10/6 1:00,13,11,2,7,0,7,8,0,8,9,0,9,11,0,11,0.846153846
2016/10/6 1:20,10,10,0,1,0,1,5,0,5,6,1,5,6,1,5,1
2016/10/6 1:40,9,9,0,2,0,2,2,0,2,6,0,6,7,0,7,1
2016/10/6 2:00,13,13,0,1,0,1,2,0,2,5,0,5,5,0,5,1
2016/10/6 2:20,3,3,0,2,0,2,7,0,7,7,0,7,8,0,8,1
2016/10/6 2:40,9,9,0,1,0,1,1,0,1,2,0,2,2,0,2,1
2016/10/6 3:00,17,15,2,2,0,2,2,0,2,4,0,4,5,0,5,0.882352941
2016/10/6 3:20,9,9,0,2,0,2,3,1,2,9,1,8,11,1,10,1
2016/10/6 3:40,16,16,0,1,0,1,1,0,1,1,0,1,3,0,3,1
2016/10/6 4:00,8,8,0,3,0,3,5,0,5,6,0,6,9,0,9,1
2016/10/6 4:20,16,16,0,2,0,2,2,0,2,4,0,4,4,0,4,1
2016/10/6 4:40,13,12,1,0,0,0,3,0,3,7,0,7,9,0,9,0.923076923
2016/10/6 5:00,28,28,0,3,0,3,3,0,3,4,0,4,4,0,4,1
2016/10/6 5:20,26,25,1,2,0,2,6,0,6,8,0,8,12,0,12,0.961538462
2016/10/6 5:40,28,28,0,11,1,10,11,1,10,11,1,10,13,1,12,1
2016/10/6 6:00,46,46,0,5,0,5,9,0,9,11,0,11,17,0,17,1
2016/10/6 6:20,53,51,2,6,0,6,11,0,11,14,0,14,24,0,24,0.962264151
2016/10/6 6:40,72,65,7,12,0,12,17,0,17,23,1,22,32,1,31,0.902777778
2016/10/6 7:00,80,80,0,4,1,3,15,1,14,23,2,21,31,3,28,1
2016/10/6 7:20,114,111,3,8,0,8,15,0,15,26,0,26,43,0,43,0.973684211
2016/10/6 7:40,135,127,8,30,0,30,37,2,35,48,3,45,65,3,62,0.940740741
2016/10/6 8:00,122,119,3,22,2,20,41,2,39,59,2,57,78,4,74,0.975409836
2016/10/6 8:20,150,141,9,18,0,18,29,0,29,46,1,45,61,1,60,0.94
2016/10/6 8:40,170,165,5,20,4,16,39,4,35,52,4,48,74,4,70,0.970588235
2016/10/6 9:00,160,154,6,28,1,27,38,1,37,60,1,59,84,1,83,0.9625
2016/10/6 9:20,189,183,6,24,2,22,40,3,37,57,3,54,81,3,78,0.968253968
2016/10/6 9:40,173,165,8,27,1,26,50,1,49,64,1,63,82,2,80,0.953757225
2016/10/6 10:00,178,173,5,23,0,23,38,2,36,58,2,56,79,3,76,0.971910112
2016/10/6 10:20,132,125,7,29,1,28,51,1,50,66,1,65,91,3,88,0.946969697
2016/10/6 10:40,130,124,6,18,2,16,27,2,25,39,4,35,64,4,60,0.953846154
2016/10/6 11:00,147,145,2,24,2,22,35,4,31,52,5,47,70,5,65,0.986394558
2016/10/6 11:20,135,130,5,21,0,21,35,0,35,49,0,49,74,0,74,0.962962963
2016/10/6 11:40,147,145,2,17,1,16,29,2,27,44,2,42,71,2,69,0.986394558
2016/10/6 12:00,113,111,2,24,1,23,46,1,45,54,1,53,87,1,86,0.982300885
2016/10/6 12:20,139,136,3,20,0,20,33,0,33,43,0,43,60,2,58,0.978417266
2016/10/6 12:40,140,134,6,25,0,25,40,0,40,52,0,52,74,0,74,0.957142857
2016/10/6 13:00,168,163,5,28,2,26,43,3,40,53,4,49,76,5,71,0.970238095
2016/10/6 13:20,192,185,7,44,1,43,61,3,58,73,4,69,95,4,91,0.963541667
2016/10/6 13:40,200,193,7,29,1,28,52,3,49,71,3,68,98,3,95,0.965
2016/10/6 14:00,202,191,11,40,2,38,62,2,60,75,2,73,99,2,97,0.945544554
2016/10/6 14:20,201,190,11,35,2,33,48,3,45,66,4,62,102,6,96,0.945273632
2016/10/6 14:40,201,195,6,31,2,29,59,3,56,87,3,84,114,5,109,0.970149254
2016/10/6 15:00,224,218,6,31,0,31,49,0,49,63,0,63,104,2,102,0.973214286
2016/10/6 15:20,209,205,4,40,1,39,65,1,64,76,2,74,116,2,114,0.980861244
2016/10/6 15:40,193,188,5,29,1,28,58,1,57,75,1,74,104,1,103,0.974093264
2016/10/6 16:00,201,196,5,39,0,39,53,0,53,76,1,75,110,2,108,0.975124378
2016/10/6 16:20,211,206,5,29,0,29,46,2,44,62,2,60,97,3,94,0.976303318
2016/10/6 16:40,170,167,3,34,0,34,56,0,56,76,1,75,112,2,110,0.982352941
2016/10/6 17:00,196,191,5,25,0,25,41,0,41,57,0,57,81,1,80,0.974489796
2016/10/6 17:20,163,157,6,29,0,29,39,1,38,62,2,60,91,3,88,0.963190184
2016/10/6 17:40,154,153,1,28,2,26,40,3,37,50,4,46,73,4,69,0.993506494
2016/10/6 18:00,157,153,4,23,1,22,39,1,38,51,1,50,67,1,66,0.974522293
2016/10/6 18:20,130,126,4,21,1,20,41,1,40,51,2,49,68,4,64,0.969230769
2016/10/6 18:40,140,138,2,18,0,18,23,1,22,34,1,33,55,1,54,0.985714286
2016/10/6 19:00,156,155,1,24,1,23,35,1,34,46,1,45,63,1,62,0.993589744
2016/10/6 19:20,140,138,2,23,0,23,37,1,36,52,1,51,78,1,77,0.985714286
2016/10/6 19:40,133,128,5,26,0,26,35,0,35,50,1,49,69,1,68,0.962406015
2016/10/6 20:00,145,140,5,25,0,25,42,0,42,53,0,53,78,1,77,0.965517241
2016/10/6 20:20,126,122,4,25,1,24,40,1,39,57,3,54,84,3,81,0.968253968
2016/10/6 20:40,85,81,4,11,1,10,23,1,22,34,2,32,55,2,53,0.952941176
2016/10/6 21:00,53,48,5,8,1,7,11,1,10,17,2,15,35,2,33,0.905660377
2016/10/6 21:20,66,63,3,3,0,3,12,1,11,16,2,14,26,2,24,0.954545455
2016/10/6 21:40,63,59,4,9,0,9,15,0,15,16,0,16,31,1,30,0.936507937
2016/10/6 22:00,36,35,1,6,0,6,13,0,13,19,0,19,28,0,28,0.972222222
2016/10/6 22:20,33,32,1,4,0,4,4,0,4,8,1,7,12,1,11,0.96969697
2016/10/6 22:40,22,22,0,6,0,6,10,0,10,10,0,10,15,1,14,1
2016/10/6 23:00,9,9,0,0,0,0,6,0,6,8,0,8,12,0,12,1
2016/10/6 23:20,26,25,1,3,0,3,4,0,4,4,0,4,4,0,4,0.961538462
2016/10/6 23:40,25,24,1,5,0,5,6,0,6,7,1,6,13,1,12,0.96
2016/10/7 0:00,17,17,0,6,0,6,7,0,7,12,1,11,18,1,17,1
2016/10/7 0:20,15,14,1,1,0,1,1,0,1,5,0,5,9,0,9,0.933333333
2016/10/7 0:40,9,7,2,3,0,3,3,0,3,3,0,3,4,0,4,0.777777778
2016/10/7 1:00,15,13,2,1,0,1,2,0,2,3,1,2,6,2,4,0.866666667
2016/10/7 1:20,10,10,0,1,0,1,1,0,1,5,1,4,5,1,4,1
2016/10/7 1:40,10,10,0,1,0,1,2,0,2,2,0,2,5,0,5,1
2016/10/7 2:00,13,13,0,3,0,3,4,0,4,5,0,5,6,0,6,1
2016/10/7 2:20,9,9,0,2,0,2,2,0,2,3,0,3,5,0,5,1
2016/10/7 2:40,8,8,0,2,0,2,4,0,4,5,0,5,5,0,5,1
2016/10/7 3:00,9,9,0,1,0,1,2,0,2,2,0,2,3,0,3,1
2016/10/7 3:20,9,9,0,5,0,5,5,0,5,6,0,6,6,0,6,1
2016/10/7 3:40,10,10,0,1,0,1,2,0,2,3,0,3,3,0,3,1
2016/10/7 4:00,17,17,0,1,0,1,1,0,1,1,0,1,3,0,3,1
2016/10/7 4:20,10,8,2,3,0,3,5,0,5,6,0,6,8,0,8,0.8
2016/10/7 4:40,17,17,0,1,0,1,3,0,3,4,0,4,5,0,5,1
2016/10/7 5:00,11,10,1,5,0,5,7,0,7,8,0,8,9,0,9,0.909090909
2016/10/7 5:20,20,20,0,0,0,0,3,0,3,3,0,3,5,0,5,1
2016/10/7 5:40,27,27,0,4,0,4,5,0,5,6,0,6,9,0,9,1
2016/10/7 6:00,40,38,2,2,0,2,7,0,7,9,0,9,13,0,13,0.95
2016/10/7 6:20,53,51,2,4,0,4,10,0,10,13,1,12,17,1,16,0.962264151
2016/10/7 6:40,79,75,4,13,0,13,14,0,14,22,1,21,29,1,28,0.949367089
2016/10/7 7:00,94,90,4,14,1,13,21,1,20,28,1,27,37,1,36,0.957446809
2016/10/7 7:20,112,106,6,14,0,14,22,0,22,29,0,29,50,1,49,0.946428571
2016/10/7 7:40,92,90,2,24,1,23,34,1,33,43,3,40,57,4,53,0.97826087
2016/10/7 8:00,110,105,5,12,0,12,18,1,17,27,1,26,42,2,40,0.954545455
2016/10/7 8:20,122,116,6,12,1,11,21,1,20,39,1,38,55,2,53,0.950819672
2016/10/7 8:40,113,111,2,29,1,28,36,1,35,45,1,44,62,1,61,0.982300885
2016/10/7 9:00,147,142,5,17,1,16,27,1,26,41,1,40,50,2,48,0.965986395
2016/10/7 9:20,155,152,3,23,1,22,33,2,31,53,2,51,80,2,78,0.980645161
2016/10/7 9:40,148,143,5,23,0,23,34,0,34,47,0,47,82,0,82,0.966216216
2016/10/7 10:00,151,142,9,23,2,21,39,3,36,56,3,53,77,5,72,0.940397351
2016/10/7 10:20,119,106,13,14,0,14,30,0,30,50,4,46,67,6,61,0.890756303
2016/10/7 10:40,153,151,2,13,2,11,23,2,21,35,3,32,48,7,41,0.986928105
2016/10/7 11:00,130,123,7,14,0,14,31,1,30,47,1,46,69,1,68,0.946153846
2016/10/7 11:20,122,119,3,9,0,9,22,0,22,47,1,46,68,3,65,0.975409836
2016/10/7 11:40,115,109,6,22,0,22,32,0,32,46,1,45,65,1,64,0.947826087
2016/10/7 12:00,150,143,7,15,2,13,29,2,27,38,2,36,56,5,51,0.953333333
2016/10/7 12:20,101,95,6,29,1,28,45,3,42,59,5,54,78,5,73,0.940594059
2016/10/7 12:40,154,143,11,14,0,14,22,0,22,28,1,27,41,3,38,0.928571429
2016/10/7 13:00,153,148,5,30,3,27,43,3,40,57,3,54,79,4,75,0.967320261
2016/10/7 13:20,153,144,9,28,1,27,38,1,37,50,1,49,77,2,75,0.941176471
2016/10/7 13:40,197,188,9,21,2,19,40,3,37,51,5,46,74,6,68,0.954314721
2016/10/7 14:00,175,166,9,25,2,23,44,3,41,65,3,62,92,3,89,0.948571429
2016/10/7 14:20,184,172,12,28,3,25,43,3,40,56,3,53,85,4,81,0.934782609
2016/10/7 14:40,234,230,4,38,4,34,59,5,54,74,6,68,85,6,79,0.982905983
2016/10/7 15:00,188,180,8,32,0,32,52,0,52,81,0,81,125,0,125,0.957446809
2016/10/7 15:20,190,179,11,26,1,25,49,1,48,66,2,64,89,4,85,0.942105263
2016/10/7 15:40,202,196,6,26,2,24,49,2,47,68,4,64,97,7,90,0.97029703
2016/10/7 16:00,182,171,11,25,1,24,42,2,40,69,3,66,92,3,89,0.93956044
2016/10/7 16:20,159,158,1,41,0,41,56,1,55,64,4,60,85,4,81,0.993710692
2016/10/7 16:40,179,168,11,23,0,23,44,1,43,52,1,51,63,1,62,0.938547486
2016/10/7 17:00,172,163,9,25,2,23,36,3,33,55,5,50,83,7,76,0.947674419
2016/10/7 17:20,118,109,9,24,2,22,39,2,37,63,2,61,83,2,81,0.923728814
2016/10/7 17:40,130,125,5,11,0,11,17,0,17,28,1,27,48,2,46,0.961538462
2016/10/7 18:00,95,90,5,23,0,23,38,0,38,43,0,43,71,1,70,0.947368421
2016/10/7 18:20,98,94,4,14,1,13,26,1,25,35,1,34,49,3,46,0.959183673
2016/10/7 18:40,64,56,8,18,1,17,24,3,21,25,3,22,37,3,34,0.875
2016/10/7 19:00,85,77,8,8,3,5,13,3,10,15,3,12,23,3,20,0.905882353
2016/10/7 19:20,105,97,8,11,4,7,26,4,22,36,4,32,54,4,50,0.923809524
2016/10/7 19:40,91,90,1,16,2,14,28,2,26,41,2,39,47,3,44,0.989010989
2016/10/7 20:00,91,86,5,13,0,13,25,1,24,32,1,31,47,1,46,0.945054945
2016/10/7 20:20,70,66,4,14,1,13,24,2,22,33,3,30,48,3,45,0.942857143
2016/10/7 20:40,62,59,3,9,1,8,18,1,17,26,1,25,34,2,32,0.951612903
2016/10/7 21:00,47,47,0,8,1,7,12,1,11,18,1,17,30,1,29,1
2016/10/7 21:20,34,30,4,5,0,5,10,0,10,15,0,15,19,0,19,0.882352941
2016/10/7 21:40,39,39,0,6,0,6,9,0,9,12,1,11,15,2,13,1
2016/10/7 22:00,40,39,1,3,0,3,9,0,9,11,0,11,20,0,20,0.975
2016/10/7 22:20,24,24,0,4,0,4,9,0,9,13,0,13,21,0,21,1
2016/10/7 22:40,28,26,2,6,0,6,8,0,8,8,0,8,14,0,14,0.928571429
2016/10/7 23:00,44,43,1,4,0,4,6,1,5,10,1,9,15,1,14,0.977272727
2016/10/7 23:20,58,57,1,10,0,10,16,0,16,23,0,23,27,0,27,0.982758621
2016/10/7 23:40,50,45,5,13,0,13,16,0,16,19,0,19,29,0,29,0.9
2016/10/8 0:00,15,13,2,7,1,6,9,1,8,15,1,14,26,2,24,0.866666667
2016/10/8 0:20,10,7,3,0,0,0,1,1,0,4,1,3,6,1,5,0.7
2016/10/8 0:40,6,4,2,1,0,1,2,1,1,3,1,2,6,1,5,0.666666667
2016/10/8 1:00,4,3,1,1,0,1,1,0,1,2,0,2,2,0,2,0.75
2016/10/8 1:20,9,9,0,0,0,0,0,0,0,2,0,2,3,1,2,1
2016/10/8 1:40,3,2,1,1,0,1,1,0,1,2,0,2,5,0,5,0.666666667
2016/10/8 2:00,7,7,0,0,0,0,1,0,1,1,0,1,2,0,2,1
2016/10/8 2:20,7,6,1,0,0,0,1,0,1,2,0,2,3,0,3,0.857142857
2016/10/8 2:40,6,6,0,2,0,2,2,0,2,2,0,2,2,0,2,1
2016/10/8 3:00,5,5,0,1,0,1,1,0,1,2,0,2,4,0,4,1
2016/10/8 3:20,3,3,0,2,0,2,2,0,2,3,0,3,4,0,4,1
2016/10/8 3:40,5,5,0,0,0,0,0,0,0,0,0,0,1,0,1,1
2016/10/8 4:00,5,5,0,2,0,2,3,0,3,3,0,3,3,0,3,1
2016/10/8 4:20,13,13,0,0,0,0,1,0,1,2,0,2,3,0,3,1
2016/10/8 4:40,9,9,0,1,0,1,1,0,1,5,0,5,8,0,8,1
2016/10/8 5:00,2,2,0,4,0,4,5,0,5,7,0,7,7,0,7,1
2016/10/8 5:20,2,2,0,0,0,0,1,0,1,1,0,1,2,0,2,1
2016/10/8 5:40,7,6,1,0,0,0,2,0,2,2,0,2,2,0,2,0.857142857
2016/10/8 6:00,9,7,2,0,0,0,0,0,0,0,0,0,2,1,1,0.777777778
2016/10/8 6:20,12,8,4,1,1,0,2,1,1,3,1,2,6,2,4,0.666666667
2016/10/8 6:40,19,13,6,2,1,1,2,1,1,5,2,3,9,3,6,0.684210526
2016/10/8 7:00,21,11,10,2,2,0,3,2,1,6,2,4,9,2,7,0.523809524
2016/10/8 7:20,36,25,11,3,0,3,9,4,5,10,5,5,13,7,6,0.694444444
2016/10/8 7:40,27,17,10,11,5,6,14,5,9,18,5,13,22,6,16,0.62962963
2016/10/8 8:00,31,18,13,7,2,5,9,3,6,12,4,8,15,5,10,0.580645161
2016/10/8 8:20,39,30,9,5,5,0,9,6,3,13,7,6,18,8,10,0.769230769
2016/10/8 8:40,38,24,14,3,0,3,9,0,9,15,2,13,22,3,19,0.631578947
2016/10/8 9:00,35,30,5,2,0,2,7,2,5,9,2,7,11,3,8,0.857142857
2016/10/8 9:20,31,21,10,4,0,4,11,0,11,18,1,17,22,2,20,0.677419355
2016/10/8 9:40,38,30,8,3,2,1,4,2,2,5,2,3,12,5,7,0.789473684
2016/10/8 10:00,37,25,12,6,2,4,13,3,10,15,4,11,22,5,17,0.675675676
2016/10/8 10:20,41,30,11,7,2,5,8,3,5,12,5,7,15,5,10,0.731707317
2016/10/8 10:40,34,25,9,10,3,7,13,5,8,18,5,13,21,7,14,0.735294118
2016/10/8 11:00,25,20,5,5,2,3,7,3,4,11,4,7,14,4,10,0.8
2016/10/8 11:20,28,21,7,7,1,6,9,1,8,10,1,9,12,2,10,0.75
2016/10/8 11:40,24,21,3,7,1,6,9,1,8,12,3,9,13,3,10,0.875
2016/10/8 12:00,42,36,6,3,0,3,5,0,5,9,1,8,13,2,11,0.857142857
2016/10/8 12:20,36,28,8,2,0,2,5,0,5,11,0,11,18,2,16,0.777777778
2016/10/8 12:40,41,32,9,2,0,2,5,0,5,11,0,11,14,0,14,0.780487805
2016/10/8 13:00,46,32,14,13,6,7,19,8,11,21,8,13,24,8,16,0.695652174
2016/10/8 13:20,43,33,10,6,2,4,10,2,8,15,6,9,21,7,14,0.76744186
2016/10/8 13:40,35,26,9,3,1,2,6,2,4,15,3,12,23,4,19,0.742857143
2016/10/8 14:00,37,28,9,8,2,6,14,4,10,16,4,12,19,4,15,0.756756757
2016/10/8 14:20,45,29,16,7,1,6,9,1,8,14,3,11,20,5,15,0.644444444
2016/10/8 14:40,33,20,13,5,2,3,8,3,5,12,5,7,16,5,11,0.606060606
2016/10/8 15:00,44,33,11,7,1,6,8,1,7,10,2,8,11,2,9,0.75
2016/10/8 15:20,42,31,11,6,3,3,9,3,6,11,3,8,18,5,13,0.738095238
2016/10/8 15:40,40,29,11,9,1,8,13,3,10,14,3,11,19,6,13,0.725
2016/10/8 16:00,49,37,12,4,1,3,8,3,5,12,3,9,16,5,11,0.755102041
2016/10/8 16:20,44,38,6,3,2,1,8,3,5,17,5,12,28,6,22,0.863636364
2016/10/8 16:40,36,25,11,11,2,9,15,2,13,18,3,15,19,3,16,0.694444444
2016/10/8 17:00,37,23,14,6,2,4,8,2,6,11,2,9,16,3,13,0.621621622
2016/10/8 17:20,23,17,6,3,0,3,9,2,7,13,3,10,19,5,14,0.739130435
2016/10/8 17:40,26,19,7,2,0,2,4,1,3,6,1,5,11,2,9,0.730769231
2016/10/8 18:00,20,15,5,1,0,1,3,0,3,12,2,10,16,4,12,0.75
2016/10/8 18:20,28,16,12,4,2,2,7,2,5,10,2,8,12,2,10,0.571428571
2016/10/8 18:40,20,12,8,7,4,3,8,5,3,11,7,4,16,9,7,0.6
2016/10/8 19:00,25,14,11,2,0,2,5,0,5,5,0,5,7,1,6,0.56
2016/10/8 19:20,22,17,5,4,3,1,6,4,2,10,7,3,17,9,8,0.772727273
2016/10/8 19:40,15,11,4,3,0,3,5,1,4,7,1,6,12,2,10,0.733333333
2016/10/8 20:00,17,12,5,1,0,1,1,0,1,1,0,1,2,0,2,0.705882353
2016/10/8 20:20,12,9,3,2,1,1,5,1,4,6,1,5,9,3,6,0.75
2016/10/8 20:40,15,11,4,2,1,1,3,2,1,4,2,2,5,2,3,0.733333333
2016/10/8 21:00,14,10,4,2,0,2,4,1,3,4,1,3,6,2,4,0.714285714
2016/10/8 21:20,7,7,0,3,1,2,5,1,4,7,1,6,7,1,6,1
2016/10/8 21:40,16,11,5,4,0,4,4,0,4,5,0,5,6,0,6,0.6875
2016/10/8 22:00,11,10,1,2,1,1,5,1,4,7,2,5,8,3,5,0.909090909
2016/10/8 22:20,10,10,0,0,0,0,0,0,0,1,0,1,2,0,2,1
2016/10/8 22:40,10,8,2,1,0,1,2,0,2,3,0,3,4,0,4,0.8
2016/10/8 23:00,8,6,2,1,0,1,1,0,1,2,0,2,4,0,4,0.75
2016/10/8 23:20,1,1,0,2,1,1,3,1,2,4,1,3,4,1,3,1
2016/10/8 23:40,0,0,0,0,0,0,0,0,0,0,0,0,0,0,0,0
2016/10/9 0:00,7,7,0,0,0,0,0,0,0,0,0,0,0,0,0,1
2016/10/9 0:20,7,7,0,1,0,1,3,0,3,4,0,4,6,0,6,1
2016/10/9 0:40,8,8,0,2,0,2,3,0,3,4,0,4,5,0,5,1
2016/10/9 1:00,6,5,1,1,0,1,1,0,1,3,0,3,4,0,4,0.833333333
2016/10/9 1:20,9,9,0,0,0,0,0,0,0,1,1,0,2,1,1,1
2016/10/9 1:40,3,3,0,0,0,0,1,0,1,3,0,3,3,0,3,1
2016/10/9 2:00,1,1,0,0,0,0,0,0,0,0,0,0,0,0,0,1
2016/10/9 2:20,9,9,0,0,0,0,0,0,0,0,0,0,0,0,0,1
2016/10/9 2:40,7,7,0,1,0,1,3,0,3,5,0,5,5,0,5,1
2016/10/9 3:00,4,4,0,1,0,1,1,0,1,1,0,1,1,0,1,1
2016/10/9 3:20,6,6,0,1,0,1,1,0,1,1,0,1,2,0,2,1
2016/10/9 3:40,5,4,1,0,0,0,1,0,1,4,0,4,5,0,5,0.8
2016/10/9 4:00,13,13,0,1,0,1,2,0,2,2,0,2,3,0,3,1
2016/10/9 4:20,8,8,0,0,0,0,2,0,2,3,0,3,6,0,6,1
2016/10/9 4:40,10,10,0,3,0,3,3,0,3,5,0,5,6,0,6,1
2016/10/9 5:00,4,4,0,3,0,3,3,0,3,3,0,3,5,0,5,1
2016/10/9 5:20,7,6,1,0,0,0,1,0,1,1,0,1,1,0,1,0.857142857
2016/10/9 5:40,10,6,4,4,1,3,4,1,3,4,1,3,5,1,4,0.6
2016/10/9 6:00,8,6,2,1,0,1,4,2,2,6,2,4,7,2,5,0.75
2016/10/9 6:20,9,8,1,2,0,2,3,1,2,4,1,3,4,1,3,0.888888889
2016/10/9 6:40,17,13,4,3,1,2,3,1,2,5,1,4,7,1,6,0.764705882
2016/10/9 7:00,26,16,10,0,0,0,1,1,0,3,1,2,5,2,3,0.615384615
2016/10/9 7:20,25,12,13,5,3,2,5,3,2,9,4,5,12,5,7,0.48
2016/10/9 7:40,33,21,12,5,2,3,9,5,4,13,6,7,17,8,9,0.636363636
2016/10/9 8:00,46,30,16,7,4,3,10,5,5,13,5,8,15,5,10,0.652173913
2016/10/9 8:20,39,28,11,6,3,3,11,3,8,18,6,12,30,10,20,0.717948718
2016/10/9 8:40,35,22,13,4,1,3,7,2,5,13,4,9,17,4,13,0.628571429
2016/10/9 9:00,45,35,10,3,2,1,8,3,5,14,5,9,20,7,13,0.777777778
2016/10/9 9:20,41,34,7,10,4,6,14,4,10,17,4,13,26,6,20,0.829268293
2016/10/9 9:40,41,34,7,7,0,7,11,1,10,22,4,18,25,4,21,0.829268293
2016/10/9 10:00,28,24,4,8,2,6,13,2,11,17,3,14,21,4,17,0.857142857
2016/10/9 10:20,40,33,7,6,1,5,6,1,5,6,1,5,12,2,10,0.825
2016/10/9 10:40,39,32,7,5,0,5,7,0,7,9,0,9,15,2,13,0.820512821
2016/10/9 11:00,38,31,7,5,0,5,7,0,7,12,1,11,19,2,17,0.815789474
2016/10/9 11:20,28,24,4,5,1,4,9,1,8,13,2,11,16,3,13,0.857142857
2016/10/9 11:40,26,19,7,5,1,4,7,1,6,8,1,7,12,1,11,0.730769231
2016/10/9 12:00,39,31,8,6,2,4,9,2,7,11,3,8,12,3,9,0.794871795
2016/10/9 12:20,33,24,9,6,0,6,10,2,8,15,2,13,20,5,15,0.727272727
2016/10/9 12:40,43,34,9,6,3,3,12,4,8,15,5,10,17,5,12,0.790697674
2016/10/9 13:00,39,21,18,6,2,4,13,3,10,19,4,15,21,4,17,0.538461538
2016/10/9 13:20,46,37,9,3,1,2,9,5,4,15,8,7,21,11,10,0.804347826
2016/10/9 13:40,32,27,5,9,0,9,14,0,14,19,1,18,25,4,21,0.84375
2016/10/9 14:00,48,36,12,6,1,5,11,2,9,13,2,11,15,3,12,0.75
2016/10/9 14:20,36,28,8,8,1,7,13,3,10,16,4,12,21,5,16,0.777777778
2016/10/9 14:40,54,36,18,4,1,3,8,1,7,14,2,12,18,4,14,0.666666667
2016/10/9 15:00,49,40,9,4,0,4,8,2,6,15,3,12,20,7,13,0.816326531
2016/10/9 15:20,40,30,10,8,3,5,13,5,8,22,6,16,28,7,21,0.75
2016/10/9 15:40,48,33,15,3,1,2,9,1,8,15,2,13,22,2,20,0.6875
2016/10/9 16:00,35,29,6,8,2,6,17,5,12,19,5,14,21,5,16,0.828571429
2016/10/9 16:20,42,34,8,4,1,3,7,1,6,12,3,9,16,3,13,0.80952381
2016/10/9 16:40,38,25,13,6,1,5,11,2,9,18,2,16,21,2,19,0.657894737
2016/10/9 17:00,33,25,8,7,4,3,9,4,5,12,4,8,15,5,10,0.757575758
2016/10/9 17:20,28,17,11,4,0,4,7,0,7,10,0,10,14,2,12,0.607142857
2016/10/9 17:40,32,18,14,2,2,0,5,3,2,6,3,3,10,4,6,0.5625
2016/10/9 18:00,20,18,2,7,6,1,9,7,2,10,8,2,14,10,4,0.9
2016/10/9 18:20,29,21,8,1,0,1,4,0,4,8,0,8,9,0,9,0.724137931
2016/10/9 18:40,23,19,4,5,1,4,6,2,4,8,3,5,15,6,9,0.826086957
2016/10/9 19:00,33,22,11,8,3,5,9,3,6,9,3,6,12,3,9,0.666666667
2016/10/9 19:20,21,15,6,7,2,5,11,4,7,13,5,8,17,7,10,0.714285714
2016/10/9 19:40,20,15,5,4,1,3,5,1,4,6,1,5,9,4,5,0.75
2016/10/9 20:00,15,10,5,2,0,2,4,1,3,4,1,3,5,1,4,0.666666667
2016/10/9 20:20,26,21,5,3,1,2,3,1,2,4,1,3,4,1,3,0.807692308
2016/10/9 20:40,19,13,6,3,1,2,6,1,5,10,3,7,14,4,10,0.684210526
2016/10/9 21:00,22,16,6,3,3,0,4,3,1,4,3,1,9,4,5,0.727272727
2016/10/9 21:20,16,13,3,2,0,2,5,2,3,6,2,4,10,3,7,0.8125
2016/10/9 21:40,17,10,7,0,0,0,3,2,1,4,2,2,6,2,4,0.588235294
2016/10/9 22:00,4,3,1,3,2,1,5,3,2,9,4,5,13,4,9,0.75
2016/10/9 22:20,6,5,1,0,0,0,0,0,0,0,0,0,1,0,1,0.833333333
2016/10/9 22:40,10,8,2,2,0,2,2,0,2,2,0,2,3,0,3,0.8
2016/10/9 23:00,0,0,0,1,0,1,1,0,1,2,0,2,3,0,3,0
2016/10/9 23:20,3,1,2,0,0,0,0,0,0,0,0,0,0,0,0,0.333333333
2016/10/9 23:40,6,6,0,0,0,0,0,0,0,1,1,0,1,1,0,1
2016/10/10 0:00,13,12,1,1,0,1,3,0,3,3,0,3,4,0,4,0.923076923
2016/10/10 0:20,16,15,1,3,0,3,4,0,4,5,0,5,6,0,6,0.9375
2016/10/10 0:40,11,9,2,4,0,4,5,0,5,7,1,6,8,1,7,0.818181818
2016/10/10 1:00,7,7,0,3,0,3,4,0,4,5,0,5,8,1,7,1
2016/10/10 1:20,4,4,0,0,0,0,1,0,1,2,0,2,2,0,2,1
2016/10/10 1:40,7,5,2,1,0,1,1,0,1,1,0,1,2,0,2,0.714285714
2016/10/10 2:00,6,5,1,1,0,1,4,2,2,4,2,2,4,2,2,0.833333333
2016/10/10 2:20,9,8,1,2,0,2,3,1,2,3,1,2,4,1,3,0.888888889
2016/10/10 2:40,12,11,1,0,0,0,2,0,2,3,0,3,4,0,4,0.916666667
2016/10/10 3:00,7,6,1,1,1,0,2,1,1,4,1,3,5,1,4,0.857142857
2016/10/10 3:20,6,6,0,0,0,0,2,1,1,2,1,1,2,1,1,1
2016/10/10 3:40,8,6,2,1,0,1,3,0,3,4,0,4,4,0,4,0.75
2016/10/10 4:00,2,2,0,1,1,0,1,1,0,1,1,0,2,1,1,1
2016/10/10 4:20,16,15,1,0,0,0,0,0,0,1,0,1,1,0,1,0.9375
2016/10/10 4:40,7,7,0,1,0,1,4,0,4,4,0,4,6,0,6,1
2016/10/10 5:00,2,2,0,0,0,0,1,0,1,3,0,3,4,0,4,1
2016/10/10 5:20,3,3,0,0,0,0,0,0,0,0,0,0,1,0,1,1
2016/10/10 5:40,9,8,1,0,0,0,2,0,2,2,0,2,2,0,2,0.888888889
2016/10/10 6:00,13,11,2,1,0,1,2,0,2,3,0,3,4,1,3,0.846153846
2016/10/10 6:20,13,8,5,3,0,3,3,0,3,4,0,4,6,0,6,0.615384615
2016/10/10 6:40,18,11,7,3,1,2,3,1,2,4,1,3,5,1,4,0.611111111
2016/10/10 7:00,34,27,7,1,1,0,3,1,2,4,2,2,10,4,6,0.794117647
2016/10/10 7:20,40,26,14,8,2,6,10,2,8,14,2,12,22,2,20,0.65
2016/10/10 7:40,37,27,10,11,4,7,13,5,8,18,5,13,23,5,18,0.72972973
2016/10/10 8:00,47,28,19,4,2,2,10,4,6,11,5,6,21,7,14,0.595744681
2016/10/10 8:20,44,35,9,11,4,7,14,6,8,17,8,9,25,13,12,0.795454545
2016/10/10 8:40,57,39,18,9,1,8,11,2,9,15,4,11,23,5,18,0.684210526
2016/10/10 9:00,51,41,10,6,3,3,12,4,8,19,4,15,27,6,21,0.803921569
2016/10/10 9:20,44,33,11,3,1,2,12,5,7,17,7,10,28,8,20,0.75
2016/10/10 9:40,53,40,13,7,3,4,9,3,6,16,6,10,22,7,15,0.754716981
2016/10/10 10:00,35,30,5,7,2,5,17,6,11,26,8,18,33,10,23,0.857142857
2016/10/10 10:20,42,36,6,4,1,3,9,2,7,15,2,13,20,2,18,0.857142857
2016/10/10 10:40,40,33,7,4,1,3,10,2,8,14,4,10,19,4,15,0.825
2016/10/10 11:00,37,28,9,7,0,7,12,1,11,18,2,16,19,2,17,0.756756757
2016/10/10 11:20,26,21,5,9,4,5,12,5,7,14,6,8,19,6,13,0.807692308
2016/10/10 11:40,19,16,3,2,0,2,3,0,3,7,0,7,10,0,10,0.842105263
2016/10/10 12:00,41,35,6,2,0,2,2,0,2,4,0,4,7,0,7,0.853658537
2016/10/10 12:20,28,18,10,5,1,4,9,1,8,14,1,13,21,1,20,0.642857143
2016/10/10 12:40,36,26,10,6,2,4,10,4,6,14,4,10,18,6,12,0.722222222
2016/10/10 13:00,51,42,9,7,3,4,12,4,8,15,5,10,17,5,12,0.823529412
2016/10/10 13:20,42,35,7,5,1,4,8,1,7,10,1,9,24,3,21,0.833333333
2016/10/10 13:40,44,32,12,4,2,2,9,3,6,12,4,8,20,4,16,0.727272727
2016/10/10 14:00,33,26,7,9,2,7,12,3,9,17,7,10,19,7,12,0.787878788
2016/10/10 14:20,45,35,10,7,0,7,11,1,10,13,1,12,15,3,12,0.777777778
2016/10/10 14:40,51,33,18,1,0,1,8,1,7,14,2,12,23,5,18,0.647058824
2016/10/10 15:00,46,29,17,12,5,7,18,8,10,22,9,13,33,12,21,0.630434783
2016/10/10 15:20,36,26,10,9,4,5,16,6,10,18,7,11,22,9,13,0.722222222
2016/10/10 15:40,56,48,8,8,1,7,13,3,10,15,3,12,20,4,16,0.857142857
2016/10/10 16:00,42,36,6,4,1,3,13,2,11,18,3,15,25,3,22,0.857142857
2016/10/10 16:20,45,37,8,5,1,4,12,2,10,16,2,14,17,3,14,0.822222222
2016/10/10 16:40,28,21,7,10,2,8,16,3,13,19,4,15,24,5,19,0.75
2016/10/10 17:00,41,32,9,2,0,2,3,0,3,5,0,5,9,1,8,0.780487805
2016/10/10 17:20,22,16,6,7,0,7,11,0,11,12,1,11,16,1,15,0.727272727
2016/10/10 17:40,16,9,7,7,3,4,9,3,6,10,3,7,11,3,8,0.5625
2016/10/10 18:00,20,18,2,1,0,1,2,1,1,5,3,2,9,4,5,0.9
2016/10/10 18:20,28,19,9,3,0,3,5,0,5,6,0,6,14,1,13,0.678571429
2016/10/10 18:40,23,19,4,3,0,3,7,0,7,8,1,7,12,3,9,0.826086957
2016/10/10 19:00,14,10,4,6,0,6,6,0,6,8,0,8,10,0,10,0.714285714
2016/10/10 19:20,21,17,4,4,1,3,4,1,3,4,1,3,7,2,5,0.80952381
2016/10/10 19:40,19,18,1,7,1,6,8,1,7,11,1,10,11,1,10,0.947368421
2016/10/10 20:00,15,14,1,6,0,6,6,0,6,7,0,7,9,0,9,0.933333333
2016/10/10 20:20,20,14,6,2,0,2,3,0,3,3,0,3,3,0,3,0.7
2016/10/10 20:40,17,13,4,3,1,2,5,2,3,7,3,4,11,3,8,0.764705882
2016/10/10 21:00,22,17,5,4,2,2,4,2,2,5,2,3,7,2,5,0.772727273
2016/10/10 21:20,8,7,1,6,0,6,7,1,6,10,2,8,13,3,10,0.875
2016/10/10 21:40,16,11,5,1,0,1,3,0,3,3,0,3,5,1,4,0.6875
2016/10/10 22:00,5,4,1,1,1,0,1,1,0,2,1,1,6,3,3,0.8
2016/10/10 22:20,11,8,3,0,0,0,0,0,0,0,0,0,0,0,0,0.727272727
2016/10/10 22:40,5,5,0,2,1,1,3,2,1,3,2,1,6,2,4,1
2016/10/10 23:00,9,5,4,1,0,1,2,0,2,2,0,2,2,0,2,0.555555556
2016/10/10 23:20,5,1,4,0,0,0,1,0,1,1,0,1,1,0,1,0.2
2016/10/10 23:40,4,4,0,2,2,0,4,3,1,4,3,1,4,3,1,1
2016/10/11 0:00,12,11,1,1,0,1,2,0,2,2,0,2,2,0,2,0.916666667
2016/10/11 0:20,14,13,1,5,1,4,5,1,4,5,1,4,7,1,6,0.928571429
2016/10/11 0:40,10,9,1,1,0,1,2,0,2,3,0,3,6,1,5,0.9
2016/10/11 1:00,6,6,0,0,0,0,1,0,1,1,0,1,2,0,2,1
2016/10/11 1:20,11,11,0,0,0,0,1,0,1,1,0,1,5,0,5,1
2016/10/11 1:40,4,4,0,0,0,0,1,0,1,2,0,2,5,0,5,1
2016/10/11 2:00,3,2,1,1,0,1,1,0,1,1,0,1,2,0,2,0.666666667
2016/10/11 2:20,12,11,1,1,1,0,1,1,0,1,1,0,1,1,0,0.916666667
2016/10/11 2:40,6,6,0,3,0,3,4,0,4,4,0,4,6,1,5,1
2016/10/11 3:00,6,6,0,1,0,1,2,0,2,3,0,3,5,0,5,1
2016/10/11 3:20,5,5,0,0,0,0,0,0,0,0,0,0,1,0,1,1
2016/10/11 3:40,3,3,0,0,0,0,2,0,2,2,0,2,2,0,2,1
2016/10/11 4:00,12,11,1,0,0,0,1,0,1,1,0,1,1,0,1,0.916666667
2016/10/11 4:20,15,15,0,3,0,3,3,0,3,4,1,3,4,1,3,1
2016/10/11 4:40,12,10,2,5,0,5,7,0,7,7,0,7,9,0,9,0.833333333
2016/10/11 5:00,6,6,0,3,0,3,7,0,7,7,0,7,9,0,9,1
2016/10/11 5:20,11,8,3,1,0,1,3,0,3,3,0,3,4,0,4,0.727272727
2016/10/11 5:40,6,6,0,2,1,1,3,2,1,5,2,3,9,3,6,1
2016/10/11 6:00,9,9,0,0,0,0,0,0,0,1,0,1,1,0,1,1
2016/10/11 6:20,26,20,6,1,0,1,1,0,1,2,0,2,2,0,2,0.769230769
2016/10/11 6:40,18,12,6,3,1,2,7,3,4,10,3,7,16,5,11,0.666666667
2016/10/11 7:00,30,22,8,4,2,2,5,2,3,6,2,4,11,3,8,0.733333333
2016/10/11 7:20,40,28,12,6,0,6,12,1,11,15,2,13,19,4,15,0.7
2016/10/11 7:40,52,34,18,7,4,3,10,5,5,14,6,8,24,8,16,0.653846154
2016/10/11 8:00,49,35,14,8,3,5,14,5,9,21,8,13,28,8,20,0.714285714
2016/10/11 8:20,49,37,12,7,2,5,12,4,8,16,6,10,23,7,16,0.755102041
2016/10/11 8:40,40,24,16,7,1,6,22,6,16,24,6,18,31,7,24,0.6
2016/10/11 9:00,45,29,16,11,3,8,13,5,8,17,6,11,21,7,14,0.644444444
2016/10/11 9:20,47,28,19,9,3,6,15,4,11,18,4,14,22,7,15,0.595744681
2016/10/11 9:40,44,30,14,9,4,5,10,5,5,12,5,7,23,10,13,0.681818182
2016/10/11 10:00,37,30,7,5,1,4,10,2,8,13,3,10,21,5,16,0.810810811
2016/10/11 10:20,47,36,11,5,0,5,8,1,7,12,1,11,20,2,18,0.765957447
2016/10/11 10:40,37,28,9,8,2,6,12,2,10,19,3,16,21,3,18,0.756756757
2016/10/11 11:00,37,31,6,9,1,8,11,3,8,16,5,11,22,6,16,0.837837838
2016/10/11 11:20,37,30,7,4,1,3,6,1,5,10,2,8,14,3,11,0.810810811
2016/10/11 11:40,47,38,9,5,1,4,10,1,9,10,1,9,17,2,15,0.808510638
2016/10/11 12:00,42,32,10,6,4,2,8,4,4,12,4,8,21,5,16,0.761904762
2016/10/11 12:20,42,32,10,5,1,4,9,2,7,13,2,11,20,4,16,0.761904762
2016/10/11 12:40,51,36,15,3,1,2,12,5,7,17,6,11,25,9,16,0.705882353
2016/10/11 13:00,35,25,10,9,4,5,14,4,10,17,5,12,32,13,19,0.714285714
2016/10/11 13:20,37,27,10,5,1,4,10,3,7,13,3,10,17,4,13,0.72972973
2016/10/11 13:40,36,25,11,6,1,5,10,3,7,13,4,9,19,5,14,0.694444444
2016/10/11 14:00,44,29,15,5,3,2,9,3,6,12,3,9,16,3,13,0.659090909
2016/10/11 14:20,43,30,13,5,1,4,12,4,8,20,6,14,27,7,20,0.697674419
2016/10/11 14:40,48,36,12,6,1,5,11,4,7,16,5,11,27,8,19,0.75
2016/10/11 15:00,43,35,8,7,1,6,12,3,9,18,5,13,27,7,20,0.813953488
2016/10/11 15:20,57,39,18,6,1,5,9,1,8,11,1,10,13,1,12,0.684210526
2016/10/11 15:40,39,24,15,6,3,3,15,6,9,20,8,12,30,9,21,0.615384615
2016/10/11 16:00,52,40,12,7,2,5,14,4,10,16,5,11,19,6,13,0.769230769
2016/10/11 16:20,45,32,13,8,2,6,12,2,10,15,3,12,24,5,19,0.711111111
2016/10/11 16:40,42,33,9,7,4,3,9,5,4,15,6,9,22,9,13,0.785714286
2016/10/11 17:00,39,31,8,3,0,3,7,1,6,8,2,6,15,3,12,0.794871795
2016/10/11 17:20,30,20,10,6,2,4,11,3,8,13,4,9,19,5,14,0.666666667
2016/10/11 17:40,24,17,7,2,0,2,3,0,3,3,0,3,10,3,7,0.708333333
2016/10/11 18:00,27,22,5,3,1,2,7,1,6,7,1,6,11,2,9,0.814814815
2016/10/11 18:20,33,22,11,4,2,2,9,2,7,11,2,9,14,3,11,0.666666667
2016/10/11 18:40,25,17,8,4,1,3,9,2,7,15,7,8,20,7,13,0.68
2016/10/11 19:00,24,14,10,3,1,2,9,3,6,10,4,6,13,4,9,0.583333333
2016/10/11 19:20,27,17,10,4,2,2,6,3,3,10,5,5,11,6,5,0.62962963
2016/10/11 19:40,18,11,7,7,2,5,11,3,8,14,3,11,17,5,12,0.611111111
2016/10/11 20:00,11,11,0,4,1,3,6,1,5,9,4,5,9,4,5,1
2016/10/11 20:20,19,14,5,0,0,0,1,0,1,3,0,3,4,0,4,0.736842105
2016/10/11 20:40,13,12,1,0,0,0,3,0,3,5,1,4,10,2,8,0.923076923
2016/10/11 21:00,20,15,5,3,1,2,5,1,4,5,1,4,7,1,6,0.75
2016/10/11 21:20,11,7,4,4,2,2,9,2,7,10,2,8,13,2,11,0.636363636
2016/10/11 21:40,9,8,1,0,0,0,2,1,1,2,1,1,5,2,3,0.888888889
2016/10/11 22:00,8,7,1,2,0,2,3,0,3,4,1,3,5,1,4,0.875
2016/10/11 22:20,5,4,1,0,0,0,2,0,2,2,0,2,4,1,3,0.8
2016/10/11 22:40,9,7,2,0,0,0,1,1,0,1,1,0,2,1,1,0.777777778
2016/10/11 23:00,11,9,2,2,1,1,4,2,2,5,2,3,8,2,6,0.818181818
2016/10/11 23:20,7,5,2,3,0,3,4,0,4,5,0,5,9,2,7,0.714285714
2016/10/11 23:40,7,7,0,0,0,0,0,0,0,1,1,0,1,1,0,1
2016/10/12 0:00,8,8,0,3,0,3,3,0,3,3,0,3,5,0,5,1
2016/10/12 0:20,7,6,1,0,0,0,0,0,0,1,0,1,2,0,2,0.857142857
2016/10/12 0:40,11,10,1,0,0,0,2,0,2,2,0,2,2,0,2,0.909090909
2016/10/12 1:00,8,8,0,1,0,1,5,0,5,5,0,5,5,0,5,1
2016/10/12 1:20,7,7,0,0,0,0,1,0,1,2,0,2,2,0,2,1
2016/10/12 1:40,5,4,1,3,0,3,4,0,4,4,0,4,4,0,4,0.8
2016/10/12 2:00,8,7,1,0,0,0,2,1,1,2,1,1,2,1,1,0.875
2016/10/12 2:20,6,6,0,1,0,1,3,1,2,3,1,2,6,1,5,1
2016/10/12 2:40,10,8,2,2,0,2,2,0,2,2,0,2,5,0,5,0.8
2016/10/12 3:00,9,9,0,0,0,0,1,0,1,5,0,5,7,1,6,1
2016/10/12 3:20,8,7,1,0,0,0,3,0,3,3,0,3,3,0,3,0.875
2016/10/12 3:40,11,11,0,2,1,1,3,1,2,4,1,3,4,1,3,1
2016/10/12 4:00,9,9,0,2,0,2,2,0,2,2,0,2,2,0,2,1
2016/10/12 4:20,7,7,0,1,0,1,3,0,3,3,0,3,4,0,4,1
2016/10/12 4:40,10,10,0,1,0,1,2,0,2,2,0,2,2,0,2,1
2016/10/12 5:00,3,3,0,2,0,2,3,0,3,4,0,4,5,0,5,1
2016/10/12 5:20,8,7,1,0,0,0,0,0,0,0,0,0,1,0,1,0.875
2016/10/12 5:40,6,5,1,1,1,0,1,1,0,2,1,1,5,1,4,0.833333333
2016/10/12 6:00,10,8,2,1,0,1,2,0,2,2,0,2,3,0,3,0.8
2016/10/12 6:20,17,16,1,3,1,2,4,1,3,5,2,3,6,2,4,0.941176471
2016/10/12 6:40,16,10,6,5,0,5,6,0,6,7,0,7,10,0,10,0.625
2016/10/12 7:00,27,21,6,2,1,1,4,2,2,6,2,4,9,3,6,0.777777778
2016/10/12 7:20,27,20,7,2,0,2,5,1,4,10,2,8,12,2,10,0.740740741
2016/10/12 7:40,42,29,13,7,2,5,10,3,7,12,3,9,17,4,13,0.69047619
2016/10/12 8:00,45,34,11,11,4,7,15,5,10,16,6,10,23,7,16,0.755555556
2016/10/12 8:20,54,39,15,7,3,4,11,3,8,16,5,11,21,7,14,0.722222222
2016/10/12 8:40,55,39,16,4,0,4,10,0,10,17,2,15,27,5,22,0.709090909
2016/10/12 9:00,44,33,11,3,2,1,5,3,2,10,3,7,25,8,17,0.75
2016/10/12 9:20,51,33,18,5,3,2,8,5,3,15,5,10,22,5,17,0.647058824
2016/10/12 9:40,34,21,13,8,5,3,12,6,6,20,6,14,27,7,20,0.617647059
2016/10/12 10:00,47,35,12,8,1,7,10,1,9,11,2,9,14,4,10,0.744680851
2016/10/12 10:20,43,31,12,8,2,6,9,2,7,17,4,13,26,7,19,0.720930233
2016/10/12 10:40,36,24,12,9,2,7,15,4,11,21,6,15,24,7,17,0.666666667
2016/10/12 11:00,33,22,11,7,3,4,10,5,5,15,7,8,18,8,10,0.666666667
2016/10/12 11:20,40,33,7,4,1,3,6,1,5,7,1,6,12,1,11,0.825
2016/10/12 11:40,39,27,12,2,0,2,6,0,6,7,1,6,11,2,9,0.692307692
2016/10/12 12:00,43,30,13,4,1,3,7,2,5,13,5,8,16,6,10,0.697674419
2016/10/12 12:20,32,22,10,5,0,5,12,2,10,15,2,13,23,5,18,0.6875
2016/10/12 12:40,47,35,12,8,0,8,10,2,8,18,6,12,21,8,13,0.744680851
2016/10/12 13:00,45,38,7,10,3,7,18,6,12,20,6,14,23,8,15,0.844444444
2016/10/12 13:20,46,38,8,8,1,7,10,2,8,12,2,10,18,3,15,0.826086957
2016/10/12 13:40,51,40,11,7,0,7,14,2,12,19,4,15,24,5,19,0.784313725
2016/10/12 14:00,45,29,16,7,1,6,13,4,9,20,6,14,29,8,21,0.644444444
2016/10/12 14:20,47,41,6,8,3,5,11,4,7,16,6,10,24,10,14,0.872340426
2016/10/12 14:40,51,40,11,5,0,5,13,1,12,15,1,14,18,2,16,0.784313725
2016/10/12 15:00,41,32,9,10,2,8,19,3,16,23,5,18,27,7,20,0.780487805
2016/10/12 15:20,43,30,13,2,1,1,4,2,2,6,2,4,12,4,8,0.697674419
2016/10/12 15:40,52,38,14,3,1,2,11,3,8,17,4,13,22,5,17,0.730769231
2016/10/12 16:00,41,30,11,8,2,6,11,2,9,13,2,11,20,2,18,0.731707317
2016/10/12 16:20,42,34,8,5,2,3,12,4,8,14,4,10,18,6,12,0.80952381
2016/10/12 16:40,48,29,19,5,1,4,7,1,6,16,4,12,21,6,15,0.604166667
2016/10/12 17:00,42,29,13,8,5,3,11,6,5,14,7,7,22,8,14,0.69047619
2016/10/12 17:20,26,18,8,11,3,8,15,5,10,19,8,11,22,9,13,0.692307692
2016/10/12 17:40,26,15,11,6,4,2,7,4,3,10,5,5,12,5,7,0.576923077
2016/10/12 18:00,29,20,9,3,3,0,7,5,2,8,5,3,9,5,4,0.689655172
2016/10/12 18:20,25,20,5,3,2,1,4,2,2,4,2,2,11,4,7,0.8
2016/10/12 18:40,21,15,6,7,1,6,7,1,6,9,2,7,12,3,9,0.714285714
2016/10/12 19:00,18,15,3,5,1,4,6,1,5,7,2,5,11,3,8,0.833333333
2016/10/12 19:20,17,12,5,4,1,3,8,1,7,8,1,7,11,1,10,0.705882353
2016/10/12 19:40,24,16,8,3,0,3,4,0,4,6,1,5,11,2,9,0.666666667
2016/10/12 20:00,15,10,5,2,1,1,3,1,2,5,2,3,7,3,4,0.666666667
2016/10/12 20:20,18,11,7,1,1,0,3,2,1,4,2,2,5,2,3,0.611111111
2016/10/12 20:40,16,12,4,4,2,2,6,2,4,9,3,6,9,3,6,0.75
2016/10/12 21:00,22,17,5,2,0,2,3,0,3,6,1,5,9,2,7,0.772727273
2016/10/12 21:20,16,13,3,5,1,4,5,1,4,9,1,8,14,3,11,0.8125
2016/10/12 21:40,10,9,1,0,0,0,1,0,1,3,1,2,5,1,4,0.9
2016/10/12 22:00,8,7,1,0,0,0,2,0,2,3,0,3,4,0,4,0.875
2016/10/12 22:20,7,5,2,2,1,1,2,1,1,4,1,3,4,1,3,0.714285714
2016/10/12 22:40,10,6,4,0,0,0,0,0,0,1,0,1,2,1,1,0.6
2016/10/12 23:00,7,6,1,2,0,2,2,0,2,3,0,3,5,2,3,0.857142857
2016/10/12 23:20,4,4,0,1,0,1,1,0,1,3,0,3,3,0,3,1
2016/10/12 23:40,3,2,1,1,0,1,1,0,1,1,0,1,1,0,1,0.666666667
2016/10/13 0:00,5,4,1,0,0,0,0,0,0,0,0,0,1,1,0,0.8
2016/10/13 0:20,11,10,1,0,0,0,0,0,0,1,1,0,3,1,2,0.909090909
2016/10/13 0:40,7,7,0,1,1,0,3,1,2,6,1,5,9,1,8,1
2016/10/13 1:00,10,8,2,1,0,1,1,0,1,2,0,2,2,0,2,0.8
2016/10/13 1:20,11,6,5,0,0,0,2,1,1,2,1,1,5,1,4,0.545454545
2016/10/13 1:40,10,10,0,1,1,0,2,1,1,4,2,2,4,2,2,1
2016/10/13 2:00,7,7,0,0,0,0,1,0,1,3,0,3,3,0,3,1
2016/10/13 2:20,8,8,0,2,0,2,2,0,2,4,0,4,4,0,4,1
2016/10/13 2:40,7,7,0,0,0,0,2,0,2,2,0,2,3,0,3,1
2016/10/13 3:00,8,8,0,0,0,0,1,0,1,2,0,2,4,0,4,1
2016/10/13 3:20,8,8,0,5,0,5,5,0,5,6,0,6,7,0,7,1
2016/10/13 3:40,11,11,0,0,0,0,0,0,0,0,0,0,0,0,0,1
2016/10/13 4:00,10,10,0,2,0,2,3,0,3,6,0,6,6,0,6,1
2016/10/13 4:20,10,10,0,3,0,3,3,0,3,5,0,5,8,0,8,1
2016/10/13 4:40,12,11,1,0,0,0,0,0,0,1,0,1,4,0,4,0.916666667
2016/10/13 5:00,7,6,1,2,0,2,3,1,2,4,1,3,7,1,6,0.857142857
2016/10/13 5:20,2,2,0,1,0,1,1,0,1,2,0,2,2,0,2,1
2016/10/13 5:40,4,3,1,0,0,0,0,0,0,0,0,0,0,0,0,0.75
2016/10/13 6:00,17,14,3,0,0,0,0,0,0,0,0,0,1,0,1,0.823529412
2016/10/13 6:20,18,10,8,2,0,2,4,0,4,5,1,4,8,2,6,0.555555556
2016/10/13 6:40,32,25,7,2,1,1,3,1,2,6,2,4,10,4,6,0.78125
2016/10/13 7:00,32,20,12,6,2,4,9,2,7,12,3,9,15,4,11,0.625
2016/10/13 7:20,44,30,14,5,1,4,8,3,5,11,4,7,16,7,9,0.681818182
2016/10/13 7:40,49,37,12,7,2,5,12,4,8,18,6,12,23,7,16,0.755102041
2016/10/13 8:00,51,43,8,13,2,11,18,5,13,22,6,16,33,8,25,0.843137255
2016/10/13 8:20,59,47,12,6,2,4,13,2,11,19,2,17,27,4,23,0.796610169
2016/10/13 8:40,42,32,10,9,3,6,15,4,11,17,4,13,26,6,20,0.761904762
2016/10/13 9:00,65,46,19,6,2,4,11,4,7,17,5,12,23,7,16,0.707692308
2016/10/13 9:20,46,38,8,11,3,8,18,4,14,26,6,20,31,8,23,0.826086957
2016/10/13 9:40,59,43,16,7,0,7,14,2,12,17,3,14,27,7,20,0.728813559
2016/10/13 10:00,56,46,10,8,1,7,13,2,11,21,6,15,28,9,19,0.821428571
2016/10/13 10:20,44,36,8,5,0,5,17,2,15,17,2,15,23,3,20,0.818181818
2016/10/13 10:40,34,27,7,6,0,6,13,2,11,16,2,14,22,4,18,0.794117647
2016/10/13 11:00,28,24,4,1,0,1,4,1,3,7,1,6,9,1,8,0.857142857
2016/10/13 11:20,34,25,9,6,1,5,8,1,7,12,1,11,20,2,18,0.735294118
2016/10/13 11:40,35,30,5,6,0,6,8,1,7,9,2,7,17,4,13,0.857142857
2016/10/13 12:00,49,32,17,4,0,4,7,0,7,12,2,10,22,3,19,0.653061224
2016/10/13 12:20,46,30,16,6,3,3,10,6,4,13,6,7,23,9,14,0.652173913
2016/10/13 12:40,39,26,13,7,2,5,13,3,10,19,3,16,26,6,20,0.666666667
2016/10/13 13:00,58,42,16,6,1,5,12,1,11,20,3,17,25,4,21,0.724137931
2016/10/13 13:20,46,41,5,4,0,4,11,1,10,19,3,16,23,3,20,0.891304348
2016/10/13 13:40,44,32,12,8,1,7,12,1,11,16,3,13,24,3,21,0.727272727
2016/10/13 14:00,44,32,12,4,1,3,7,2,5,11,3,8,14,4,10,0.727272727
2016/10/13 14:20,51,39,12,12,4,8,12,4,8,17,6,11,25,7,18,0.764705882
2016/10/13 14:40,43,31,12,7,0,7,14,1,13,20,2,18,25,4,21,0.720930233
2016/10/13 15:00,48,33,15,6,0,6,9,1,8,16,5,11,21,7,14,0.6875
2016/10/13 15:20,43,30,13,7,2,5,10,3,7,13,3,10,17,4,13,0.697674419
2016/10/13 15:40,33,22,11,6,1,5,10,3,7,12,3,9,20,5,15,0.666666667
2016/10/13 16:00,44,36,8,7,2,5,8,3,5,9,3,6,12,3,9,0.818181818
2016/10/13 16:20,48,32,16,7,2,5,14,4,10,19,5,14,23,6,17,0.666666667
2016/10/13 16:40,50,35,15,3,0,3,10,2,8,12,3,9,21,7,14,0.7
2016/10/13 17:00,54,37,17,4,2,2,13,4,9,18,6,12,27,7,20,0.685185185
2016/10/13 17:20,45,34,11,7,2,5,12,3,9,16,4,12,25,9,16,0.755555556
2016/10/13 17:40,39,27,12,5,2,3,6,2,4,11,2,9,21,5,16,0.692307692
2016/10/13 18:00,34,20,14,7,4,3,12,6,6,14,6,8,22,9,13,0.588235294
2016/10/13 18:20,33,23,10,7,3,4,12,5,7,19,6,13,23,7,16,0.696969697
2016/10/13 18:40,23,16,7,9,4,5,12,4,8,15,5,10,20,6,14,0.695652174
2016/10/13 19:00,17,10,7,4,3,1,4,3,1,7,3,4,12,5,7,0.588235294
2016/10/13 19:20,19,14,5,2,1,1,6,3,3,7,3,4,8,3,5,0.736842105
2016/10/13 19:40,21,16,5,5,0,5,5,0,5,8,2,6,13,3,10,0.761904762
2016/10/13 20:00,17,13,4,0,0,0,5,1,4,6,1,5,8,2,6,0.764705882
2016/10/13 20:20,18,13,5,3,1,2,5,2,3,6,2,4,10,3,7,0.722222222
2016/10/13 20:40,18,14,4,4,2,2,5,2,3,5,2,3,10,4,6,0.777777778
2016/10/13 21:00,18,13,5,2,0,2,3,0,3,9,3,6,13,3,10,0.722222222
2016/10/13 21:20,18,15,3,2,0,2,3,0,3,5,0,5,8,1,7,0.833333333
2016/10/13 21:40,16,10,6,2,0,2,4,0,4,6,1,5,8,1,7,0.625
2016/10/13 22:00,9,7,2,5,2,3,6,2,4,7,3,4,10,4,6,0.777777778
2016/10/13 22:20,11,7,4,1,0,1,3,0,3,4,1,3,6,1,5,0.636363636
2016/10/13 22:40,6,5,1,0,0,0,2,1,1,4,1,3,5,2,3,0.833333333
2016/10/13 23:00,3,1,2,0,0,0,1,0,1,1,0,1,3,0,3,0.333333333
2016/10/13 23:20,11,6,5,1,1,0,1,1,0,1,1,0,1,1,0,0.545454545
2016/10/13 23:40,9,3,6,1,1,0,2,1,1,3,1,2,6,3,3,0.333333333
2016/10/14 0:00,15,14,1,1,1,0,2,2,0,3,2,1,3,2,1,0.933333333
2016/10/14 0:20,15,15,0,0,0,0,1,0,1,2,0,2,4,1,3,1
2016/10/14 0:40,8,8,0,3,0,3,3,0,3,7,0,7,8,0,8,1
2016/10/14 1:00,6,6,0,3,0,3,3,0,3,4,0,4,6,0,6,1
2016/10/14 1:20,11,10,1,1,0,1,1,0,1,1,0,1,2,0,2,0.909090909
2016/10/14 1:40,12,12,0,1,0,1,1,0,1,1,0,1,5,1,4,1
2016/10/14 2:00,7,7,0,5,0,5,6,0,6,7,0,7,9,0,9,1
2016/10/14 2:20,5,4,1,3,0,3,4,0,4,4,0,4,6,0,6,0.8
2016/10/14 2:40,12,12,0,3,0,3,3,0,3,3,0,3,4,1,3,1
2016/10/14 3:00,4,2,2,3,0,3,3,0,3,4,0,4,4,0,4,0.5
2016/10/14 3:20,3,3,0,2,0,2,3,1,2,3,1,2,4,2,2,1
2016/10/14 3:40,8,7,1,0,0,0,1,0,1,2,0,2,2,0,2,0.875
2016/10/14 4:00,12,12,0,0,0,0,2,1,1,4,1,3,8,1,7,1
2016/10/14 4:20,13,13,0,1,0,1,1,0,1,2,0,2,2,0,2,1
2016/10/14 4:40,6,6,0,1,0,1,5,0,5,6,0,6,7,0,7,1
2016/10/14 5:00,3,3,0,0,0,0,1,0,1,3,0,3,5,0,5,1
2016/10/14 5:20,7,5,2,0,0,0,1,0,1,1,0,1,1,0,1,0.714285714
2016/10/14 5:40,8,8,0,1,1,0,1,1,0,3,1,2,5,2,3,1
2016/10/14 6:00,14,9,5,1,0,1,2,0,2,2,0,2,5,0,5,0.642857143
2016/10/14 6:20,20,15,5,2,1,1,6,2,4,6,2,4,9,2,7,0.75
2016/10/14 6:40,20,13,7,5,1,4,9,1,8,9,1,8,17,3,14,0.65
2016/10/14 7:00,23,16,7,6,1,5,8,2,6,9,2,7,13,4,9,0.695652174
2016/10/14 7:20,28,22,6,4,0,4,5,0,5,7,2,5,10,3,7,0.785714286
2016/10/14 7:40,30,22,8,3,1,2,8,3,5,11,5,6,16,6,10,0.733333333
2016/10/14 8:00,34,18,16,6,2,4,10,5,5,12,5,7,17,7,10,0.529411765
2016/10/14 8:20,59,44,15,5,2,3,8,3,5,14,5,9,20,9,11,0.745762712
2016/10/14 8:40,46,36,10,8,3,5,16,5,11,23,7,16,30,8,22,0.782608696
2016/10/14 9:00,44,35,9,4,0,4,9,2,7,12,2,10,22,3,19,0.795454545
2016/10/14 9:20,48,40,8,4,2,2,12,3,9,17,4,13,21,6,15,0.833333333
2016/10/14 9:40,45,33,12,6,2,4,7,2,5,10,2,8,16,3,13,0.733333333
2016/10/14 10:00,53,38,15,8,3,5,12,4,8,13,5,8,22,7,15,0.716981132
2016/10/14 10:20,47,36,11,6,1,5,11,3,8,17,5,12,24,9,15,0.765957447
2016/10/14 10:40,43,35,8,8,2,6,15,4,11,15,4,11,23,5,18,0.813953488
2016/10/14 11:00,43,36,7,8,1,7,10,1,9,14,1,13,22,1,21,0.837209302
2016/10/14 11:20,41,30,11,7,1,6,13,2,11,13,2,11,20,3,17,0.731707317
2016/10/14 11:40,41,33,8,4,1,3,7,3,4,10,4,6,15,4,11,0.804878049
2016/10/14 12:00,24,20,4,7,1,6,15,4,11,20,5,15,25,5,20,0.833333333
2016/10/14 12:20,42,28,14,1,0,1,2,0,2,7,2,5,12,2,10,0.666666667
2016/10/14 12:40,54,40,14,3,0,3,7,0,7,10,1,9,15,3,12,0.740740741
2016/10/14 13:00,58,42,16,7,2,5,16,8,8,19,9,10,25,10,15,0.724137931
2016/10/14 13:20,53,44,9,9,2,7,16,3,13,25,5,20,33,6,27,0.830188679
2016/10/14 13:40,44,33,11,5,0,5,13,3,10,18,3,15,28,5,23,0.75
2016/10/14 14:00,66,50,16,5,1,4,8,1,7,12,3,9,24,5,19,0.757575758
2016/10/14 14:20,66,50,16,10,2,8,19,3,16,24,6,18,32,7,25,0.757575758
2016/10/14 14:40,50,34,16,5,0,5,12,3,9,19,5,14,31,7,24,0.68
2016/10/14 15:00,76,57,19,10,1,9,17,4,13,20,5,15,31,8,23,0.75
2016/10/14 15:20,66,47,19,10,3,7,17,6,11,27,9,18,37,10,27,0.712121212
2016/10/14 15:40,70,48,22,9,2,7,21,6,15,24,8,16,35,12,23,0.685714286
2016/10/14 16:00,63,45,18,8,3,5,14,4,10,20,4,16,31,9,22,0.714285714
2016/10/14 16:20,71,58,13,11,1,10,19,3,16,28,6,22,38,7,31,0.816901408
2016/10/14 16:40,62,43,19,7,0,7,10,0,10,21,4,17,32,8,24,0.693548387
2016/10/14 17:00,44,30,14,8,2,6,12,3,9,19,4,15,25,5,20,0.681818182
2016/10/14 17:20,47,33,14,9,2,7,11,2,9,15,3,12,22,8,14,0.70212766
2016/10/14 17:40,39,31,8,4,0,4,12,3,9,17,5,12,25,7,18,0.794871795
2016/10/14 18:00,35,25,10,8,1,7,12,3,9,16,4,12,25,5,20,0.714285714
2016/10/14 18:20,30,21,9,4,2,2,8,2,6,11,3,8,16,5,11,0.7
2016/10/14 18:40,43,30,13,3,0,3,8,2,6,11,2,9,16,5,11,0.697674419
2016/10/14 19:00,43,35,8,11,5,6,12,6,6,14,6,8,22,7,15,0.813953488
2016/10/14 19:20,36,29,7,8,3,5,12,4,8,16,4,12,23,4,19,0.805555556
2016/10/14 19:40,30,24,6,6,1,5,11,2,9,15,2,13,17,3,14,0.8
2016/10/14 20:00,32,24,8,4,0,4,6,0,6,10,0,10,16,2,14,0.75
2016/10/14 20:20,21,19,2,7,1,6,12,3,9,16,4,12,18,5,13,0.904761905
2016/10/14 20:40,29,27,2,3,0,3,3,0,3,3,0,3,6,0,6,0.931034483
2016/10/14 21:00,15,11,4,4,0,4,7,1,6,11,1,10,14,1,13,0.733333333
2016/10/14 21:20,18,13,5,1,1,0,3,1,2,4,1,3,5,2,3,0.722222222
2016/10/14 21:40,14,10,4,3,1,2,6,1,5,8,1,7,10,2,8,0.714285714
2016/10/14 22:00,13,9,4,0,0,0,3,0,3,3,0,3,4,0,4,0.692307692
2016/10/14 22:20,15,14,1,4,1,3,4,1,3,5,1,4,6,1,5,0.933333333
2016/10/14 22:40,10,7,3,3,1,2,8,1,7,8,1,7,9,1,8,0.7
2016/10/14 23:00,8,7,1,1,1,0,2,1,1,3,1,2,4,2,2,0.875
2016/10/14 23:20,14,11,3,1,0,1,2,0,2,3,0,3,5,1,4,0.785714286
2016/10/14 23:40,5,2,3,5,1,4,7,1,6,9,1,8,10,2,8,0.4
2016/10/15 0:00,8,7,1,1,0,1,1,0,1,1,0,1,1,0,1,0.875
2016/10/15 0:20,9,8,1,0,0,0,1,0,1,1,0,1,3,1,2,0.888888889
2016/10/15 0:40,10,9,1,1,0,1,1,0,1,1,0,1,6,0,6,0.9
2016/10/15 1:00,9,8,1,2,0,2,3,0,3,3,0,3,3,0,3,0.888888889
2016/10/15 1:20,8,8,0,2,1,1,2,1,1,3,1,2,6,1,5,1
2016/10/15 1:40,9,9,0,3,0,3,3,0,3,4,0,4,4,0,4,1
2016/10/15 2:00,11,11,0,2,0,2,2,0,2,3,0,3,4,0,4,1
2016/10/15 2:20,8,7,1,4,0,4,5,0,5,5,0,5,7,0,7,0.875
2016/10/15 2:40,5,4,1,2,0,2,2,0,2,4,0,4,5,1,4,0.8
2016/10/15 3:00,6,6,0,0,0,0,1,1,0,1,1,0,1,1,0,1
2016/10/15 3:20,9,9,0,0,0,0,1,0,1,2,0,2,5,0,5,1
2016/10/15 3:40,9,7,2,4,0,4,5,0,5,5,0,5,6,0,6,0.777777778
2016/10/15 4:00,9,8,1,1,0,1,3,1,2,5,1,4,8,2,6,0.888888889
2016/10/15 4:20,9,8,1,1,0,1,2,0,2,3,0,3,6,1,5,0.888888889
2016/10/15 4:40,11,10,1,1,0,1,3,0,3,3,0,3,5,0,5,0.909090909
2016/10/15 5:00,10,9,1,2,0,2,3,1,2,6,1,5,8,1,7,0.9
2016/10/15 5:20,7,6,1,1,1,0,1,1,0,3,1,2,3,1,2,0.857142857
2016/10/15 5:40,9,6,3,0,0,0,2,0,2,3,0,3,3,0,3,0.666666667
2016/10/15 6:00,10,4,6,3,1,2,3,1,2,4,2,2,6,2,4,0.4
2016/10/15 6:20,19,18,1,4,2,2,5,2,3,5,2,3,9,6,3,0.947368421
2016/10/15 6:40,31,25,6,4,0,4,6,0,6,8,0,8,10,1,9,0.806451613
2016/10/15 7:00,39,24,15,5,1,4,7,1,6,9,2,7,14,3,11,0.615384615
2016/10/15 7:20,53,43,10,11,4,7,13,4,9,20,7,13,27,11,16,0.811320755
2016/10/15 7:40,46,38,8,8,2,6,11,3,8,15,5,10,25,7,18,0.826086957
2016/10/15 8:00,44,34,10,8,0,8,11,0,11,16,1,15,23,3,20,0.772727273
2016/10/15 8:20,47,37,10,5,1,4,10,3,7,17,3,14,23,4,19,0.787234043
2016/10/15 8:40,55,40,15,7,2,5,14,3,11,23,5,18,28,8,20,0.727272727
2016/10/15 9:00,70,54,16,4,0,4,8,2,6,16,4,12,27,6,21,0.771428571
2016/10/15 9:20,72,49,23,11,1,10,15,2,13,24,4,20,36,5,31,0.680555556
2016/10/15 9:40,55,40,15,10,5,5,18,7,11,21,7,14,35,11,24,0.727272727
2016/10/15 10:00,60,48,12,15,2,13,19,3,16,30,10,20,36,12,24,0.8
2016/10/15 10:20,65,52,13,10,2,8,14,2,12,20,3,17,22,3,19,0.8
2016/10/15 10:40,54,41,13,10,3,7,16,4,12,28,6,22,34,6,28,0.759259259
2016/10/15 11:00,59,47,12,8,3,5,9,3,6,18,4,14,28,6,22,0.796610169
2016/10/15 11:20,44,32,12,11,6,5,17,7,10,21,7,14,35,8,27,0.727272727
2016/10/15 11:40,45,37,8,8,1,7,14,2,12,17,4,13,22,6,16,0.822222222
2016/10/15 12:00,43,33,10,7,2,5,12,3,9,17,4,13,22,5,17,0.76744186
2016/10/15 12:20,48,33,15,8,3,5,10,4,6,16,5,11,21,8,13,0.6875
2016/10/15 12:40,41,28,13,9,2,7,18,4,14,18,4,14,24,6,18,0.682926829
2016/10/15 13:00,63,43,20,5,1,4,12,4,8,15,6,9,18,7,11,0.682539683
2016/10/15 13:20,41,31,10,13,3,10,21,7,14,32,12,20,43,14,29,0.756097561
2016/10/15 13:40,35,24,11,10,1,9,11,1,10,17,5,12,18,5,13,0.685714286
2016/10/15 14:00,56,42,14,6,2,4,7,2,5,11,3,8,17,6,11,0.75
2016/10/15 14:20,69,54,15,5,2,3,15,3,12,22,4,18,32,8,24,0.782608696
2016/10/15 14:40,64,43,21,11,2,9,16,3,13,21,5,16,34,8,26,0.671875
2016/10/15 15:00,37,28,9,8,4,4,12,5,7,21,7,14,29,8,21,0.756756757
2016/10/15 15:20,59,44,15,3,2,1,6,2,4,9,3,6,13,3,10,0.745762712
2016/10/15 15:40,57,47,10,11,4,7,15,4,11,20,4,16,30,8,22,0.824561404
2016/10/15 16:00,57,48,9,13,1,12,16,2,14,21,2,19,29,4,25,0.842105263
2016/10/15 16:20,66,50,16,12,3,9,20,3,17,26,6,20,32,6,26,0.757575758
2016/10/15 16:40,64,46,18,5,2,3,12,4,8,18,6,12,29,9,20,0.71875
2016/10/15 17:00,66,50,16,9,3,6,19,6,13,27,8,19,38,10,28,0.757575758
2016/10/15 17:20,55,41,14,10,1,9,18,2,16,27,4,23,30,6,24,0.745454545
2016/10/15 17:40,32,18,14,8,3,5,12,3,9,18,6,12,22,7,15,0.5625
2016/10/15 18:00,33,24,9,4,1,3,5,2,3,10,4,6,13,5,8,0.727272727
2016/10/15 18:20,30,23,7,3,2,1,5,3,2,9,3,6,18,6,12,0.766666667
2016/10/15 18:40,29,22,7,6,0,6,11,2,9,12,2,10,16,3,13,0.75862069
2016/10/15 19:00,20,14,6,4,1,3,6,1,5,10,2,8,14,3,11,0.7
2016/10/15 19:20,20,13,7,2,1,1,3,1,2,5,1,4,10,3,7,0.65
2016/10/15 19:40,26,23,3,5,2,3,8,3,5,9,4,5,10,4,6,0.884615385
2016/10/15 20:00,22,16,6,3,0,3,5,0,5,9,0,9,13,2,11,0.727272727
2016/10/15 20:20,17,14,3,4,0,4,6,2,4,9,2,7,11,3,8,0.823529412
2016/10/15 20:40,23,15,8,2,0,2,4,1,3,7,1,6,9,1,8,0.652173913
2016/10/15 21:00,21,20,1,3,1,2,5,2,3,6,2,4,11,4,7,0.952380952
2016/10/15 21:20,18,14,4,0,0,0,1,0,1,2,0,2,11,1,10,0.777777778
2016/10/15 21:40,20,13,7,3,0,3,4,0,4,5,1,4,5,1,4,0.65
2016/10/15 22:00,16,12,4,3,0,3,4,1,3,9,3,6,16,7,9,0.75
2016/10/15 22:20,17,12,5,2,0,2,4,0,4,9,3,6,11,3,8,0.705882353
2016/10/15 22:40,4,3,1,0,0,0,6,1,5,8,2,6,10,4,6,0.75
2016/10/15 23:00,15,14,1,1,0,1,2,1,1,2,1,1,2,1,1,0.933333333
2016/10/15 23:20,5,5,0,2,0,2,5,0,5,5,0,5,7,0,7,1
2016/10/15 23:40,9,7,2,0,0,0,1,0,1,1,0,1,1,0,1,0.777777778
2016/10/16 0:00,10,8,2,1,0,1,3,1,2,4,1,3,4,1,3,0.8
2016/10/16 0:20,9,8,1,1,0,1,1,0,1,1,0,1,3,0,3,0.888888889
2016/10/16 0:40,8,8,0,2,0,2,3,0,3,4,0,4,5,0,5,1
2016/10/16 1:00,7,7,0,2,0,2,3,0,3,4,0,4,5,0,5,1
2016/10/16 1:20,10,10,0,4,0,4,4,0,4,5,0,5,5,0,5,1
2016/10/16 1:40,4,4,0,1,0,1,2,0,2,3,0,3,6,0,6,1
2016/10/16 2:00,6,6,0,0,0,0,2,0,2,2,0,2,2,0,2,1
2016/10/16 2:20,6,4,2,1,0,1,2,0,2,3,0,3,3,0,3,0.666666667
2016/10/16 2:40,2,2,0,2,0,2,2,0,2,2,0,2,3,1,2,1
2016/10/16 3:00,6,5,1,1,0,1,1,0,1,1,0,1,1,0,1,0.833333333
2016/10/16 3:20,5,5,0,0,0,0,0,0,0,0,0,0,1,0,1,1
2016/10/16 3:40,9,9,0,1,0,1,1,0,1,2,0,2,3,0,3,1
2016/10/16 4:00,9,9,0,4,0,4,5,0,5,6,0,6,7,0,7,1
2016/10/16 4:20,11,11,0,1,0,1,2,0,2,2,0,2,4,0,4,1
2016/10/16 4:40,16,15,1,3,0,3,6,0,6,6,0,6,9,0,9,0.9375
2016/10/16 5:00,4,3,1,3,0,3,4,0,4,5,0,5,9,0,9,0.75
2016/10/16 5:20,3,3,0,1,1,0,1,1,0,1,1,0,2,1,1,1
2016/10/16 5:40,7,7,0,0,0,0,0,0,0,0,0,0,0,0,0,1
2016/10/16 6:00,6,5,1,1,0,1,1,0,1,2,0,2,3,0,3,0.833333333
2016/10/16 6:20,7,7,0,2,0,2,2,0,2,2,0,2,2,0,2,1
2016/10/16 6:40,10,5,5,0,0,0,1,0,1,2,0,2,5,0,5,0.5
2016/10/16 7:00,19,14,5,3,1,2,4,2,2,5,2,3,9,4,5,0.736842105
2016/10/16 7:20,28,25,3,7,1,6,8,1,7,13,3,10,16,3,13,0.892857143
2016/10/16 7:40,53,44,9,5,0,5,12,2,10,14,2,12,21,2,19,0.830188679
2016/10/16 8:00,29,20,9,5,1,4,9,3,6,12,5,7,17,7,10,0.689655172
2016/10/16 8:20,44,31,13,3,0,3,7,1,6,9,2,7,13,5,8,0.704545455
2016/10/16 8:40,35,29,6,5,1,4,6,1,5,10,4,6,18,6,12,0.828571429
2016/10/16 9:00,51,37,14,6,0,6,7,0,7,13,1,12,18,1,17,0.725490196
2016/10/16 9:20,47,36,11,9,1,8,10,2,8,13,3,10,20,5,15,0.765957447
2016/10/16 9:40,48,40,8,6,0,6,14,2,12,18,2,16,24,4,20,0.833333333
2016/10/16 10:00,38,29,9,5,1,4,11,2,9,16,4,12,23,4,19,0.763157895
2016/10/16 10:20,60,37,23,9,3,6,14,3,11,16,3,13,20,3,17,0.616666667
2016/10/16 10:40,52,39,13,11,4,7,17,5,12,21,8,13,30,11,19,0.75
2016/10/16 11:00,50,45,5,5,1,4,7,1,6,11,2,9,16,3,13,0.9
2016/10/16 11:20,43,36,7,9,0,9,16,0,16,22,2,20,26,2,24,0.837209302
2016/10/16 11:40,26,19,7,6,0,6,10,1,9,11,2,9,18,3,15,0.730769231
2016/10/16 12:00,53,42,11,2,1,1,13,3,10,18,6,12,18,6,12,0.79245283
2016/10/16 12:20,48,38,10,4,0,4,12,1,11,15,2,13,20,4,16,0.791666667
2016/10/16 12:40,50,35,15,9,1,8,17,2,15,24,4,20,30,4,26,0.7
2016/10/16 13:00,61,44,17,9,2,7,20,6,14,22,6,16,27,6,21,0.721311475
2016/10/16 13:20,49,38,11,8,2,6,14,4,10,20,6,14,27,7,20,0.775510204
2016/10/16 13:40,48,34,14,6,3,3,9,4,5,16,8,8,20,8,12,0.708333333
2016/10/16 14:00,51,36,15,7,1,6,11,1,10,19,3,16,32,9,23,0.705882353
2016/10/16 14:20,62,48,14,9,0,9,13,1,12,19,3,16,30,8,22,0.774193548
2016/10/16 14:40,58,48,10,12,2,10,17,2,15,22,3,19,31,3,28,0.827586207
2016/10/16 15:00,58,36,22,5,2,3,9,2,7,17,4,13,27,5,22,0.620689655
2016/10/16 15:20,65,51,14,6,3,3,13,6,7,20,9,11,29,11,18,0.784615385
2016/10/16 15:40,78,59,19,10,3,7,18,4,14,23,4,19,35,9,26,0.756410256
2016/10/16 16:00,69,47,22,10,4,6,16,4,12,25,7,18,38,11,27,0.68115942
2016/10/16 16:20,65,44,21,9,1,8,14,2,12,19,4,15,28,6,22,0.676923077
2016/10/16 16:40,69,48,21,8,2,6,16,4,12,21,6,15,34,11,23,0.695652174
2016/10/16 17:00,70,48,22,5,0,5,14,1,13,23,3,20,39,9,30,0.685714286
2016/10/16 17:20,59,45,14,13,2,11,21,3,18,25,4,21,38,6,32,0.762711864
2016/10/16 17:40,37,24,13,9,2,7,19,6,13,24,6,18,30,8,22,0.648648649
2016/10/16 18:00,39,27,12,4,1,3,10,3,7,12,4,8,18,5,13,0.692307692
2016/10/16 18:20,41,33,8,2,1,1,3,1,2,4,1,3,10,4,6,0.804878049
2016/10/16 18:40,38,33,5,7,4,3,15,6,9,18,6,12,24,7,17,0.868421053
2016/10/16 19:00,33,25,8,9,1,8,13,1,12,17,2,15,23,3,20,0.757575758
2016/10/16 19:20,30,25,5,7,1,6,12,2,10,16,3,13,21,4,17,0.833333333
2016/10/16 19:40,34,22,12,6,0,6,8,1,7,9,1,8,13,1,12,0.647058824
2016/10/16 20:00,32,26,6,7,1,6,10,2,8,10,2,8,11,3,8,0.8125
2016/10/16 20:20,34,26,8,3,2,1,5,2,3,10,3,7,17,3,14,0.764705882
2016/10/16 20:40,21,17,4,4,0,4,4,0,4,9,1,8,17,3,14,0.80952381
2016/10/16 21:00,24,20,4,5,1,4,8,1,7,10,2,8,11,2,9,0.833333333
2016/10/16 21:20,30,20,10,3,2,1,11,3,8,11,3,8,14,3,11,0.666666667
2016/10/16 21:40,15,10,5,3,2,1,9,3,6,13,5,8,19,6,13,0.666666667
2016/10/16 22:00,18,9,9,2,2,0,4,2,2,5,2,3,5,2,3,0.5
2016/10/16 22:20,7,4,3,2,1,1,6,2,4,8,3,5,8,3,5,0.571428571
2016/10/16 22:40,3,2,1,2,1,1,2,1,1,2,1,1,2,1,1,0.666666667
2016/10/16 23:00,9,7,2,0,0,0,1,1,0,2,1,1,3,1,2,0.777777778
2016/10/16 23:20,5,4,1,1,0,1,2,1,1,3,1,2,5,1,4,0.8
2016/10/16 23:40,5,5,0,1,0,1,1,0,1,4,0,4,5,1,4,1
2016/10/17 0:00,13,13,0,1,0,1,1,0,1,1,0,1,1,0,1,1
2016/10/17 0:20,12,10,2,2,0,2,3,0,3,6,0,6,9,0,9,0.833333333
2016/10/17 0:40,7,6,1,4,1,3,6,2,4,6,2,4,8,2,6,0.857142857
2016/10/17 1:00,6,5,1,1,0,1,1,0,1,2,1,1,2,1,1,0.833333333
2016/10/17 1:20,11,9,2,1,0,1,2,0,2,3,0,3,4,0,4,0.818181818
2016/10/17 1:40,5,5,0,1,0,1,2,0,2,5,1,4,5,1,4,1
2016/10/17 2:00,4,4,0,3,0,3,4,0,4,4,0,4,4,0,4,1
2016/10/17 2:20,6,6,0,2,0,2,3,0,3,3,0,3,4,0,4,1
2016/10/17 2:40,7,6,1,1,0,1,2,0,2,4,0,4,4,0,4,0.857142857
2016/10/17 3:00,7,6,1,0,0,0,2,0,2,2,0,2,4,1,3,0.857142857
2016/10/17 3:20,10,10,0,2,1,1,2,1,1,2,1,1,4,1,3,1
2016/10/17 3:40,7,6,1,2,0,2,3,0,3,4,0,4,6,0,6,0.857142857
2016/10/17 4:00,14,14,0,4,0,4,4,0,4,4,0,4,4,0,4,1
2016/10/17 4:20,12,11,1,1,0,1,5,0,5,5,0,5,7,0,7,0.916666667
2016/10/17 4:40,17,17,0,3,1,2,4,1,3,6,1,5,6,1,5,1
2016/10/17 5:00,2,2,0,2,0,2,5,0,5,7,0,7,9,0,9,1
2016/10/17 5:20,5,3,2,0,0,0,0,0,0,1,0,1,1,0,1,0.6
2016/10/17 5:40,7,6,1,0,0,0,2,0,2,3,1,2,4,2,2,0.857142857
2016/10/17 6:00,13,9,4,1,0,1,3,1,2,4,1,3,5,1,4,0.692307692
2016/10/17 6:20,18,12,6,5,2,3,5,2,3,7,3,4,7,3,4,0.666666667
2016/10/17 6:40,19,10,9,8,2,6,8,2,6,10,2,8,10,2,8,0.526315789
2016/10/17 7:00,45,34,11,4,1,3,4,1,3,6,1,5,7,2,5,0.755555556
2016/10/17 7:20,44,31,13,9,3,6,14,5,9,17,6,11,22,6,16,0.704545455
2016/10/17 7:40,56,36,20,7,2,5,13,4,9,18,5,13,24,8,16,0.642857143
2016/10/17 8:00,50,34,16,11,4,7,14,4,10,22,6,16,31,11,20,0.68
2016/10/17 8:20,46,35,11,10,3,7,20,9,11,24,10,14,37,14,23,0.760869565
2016/10/17 8:40,56,39,17,11,4,7,16,5,11,19,6,13,25,7,18,0.696428571
2016/10/17 9:00,43,31,12,12,1,11,14,1,13,19,3,16,29,6,23,0.720930233
2016/10/17 9:20,54,40,14,6,1,5,8,1,7,13,3,10,20,6,14,0.740740741
2016/10/17 9:40,41,27,14,9,1,8,15,3,12,22,4,18,34,7,27,0.658536585
2016/10/17 10:00,46,38,8,6,1,5,13,4,9,20,7,13,25,7,18,0.826086957
2016/10/17 10:20,57,36,21,5,2,3,7,2,5,12,4,8,19,5,14,0.631578947
2016/10/17 10:40,38,32,6,5,0,5,8,2,6,18,4,14,29,7,22,0.842105263
2016/10/17 11:00,29,22,7,4,1,3,11,2,9,14,2,12,17,2,15,0.75862069
2016/10/17 11:20,39,28,11,1,0,1,7,0,7,10,1,9,15,3,12,0.717948718
2016/10/17 11:40,33,28,5,9,0,9,13,0,13,15,1,14,19,4,15,0.848484848
2016/10/17 12:00,32,25,7,5,0,5,7,1,6,11,1,10,16,1,15,0.78125
2016/10/17 12:20,47,32,15,5,2,3,8,2,6,12,3,9,18,4,14,0.680851064
2016/10/17 12:40,44,34,10,2,2,0,8,3,5,11,4,7,19,7,12,0.772727273
2016/10/17 13:00,35,26,9,7,1,6,12,2,10,20,3,17,24,4,20,0.742857143
2016/10/17 13:20,51,40,11,7,1,6,10,1,9,13,2,11,21,5,16,0.784313725
2016/10/17 13:40,59,46,13,5,1,4,10,2,8,12,2,10,18,5,13,0.779661017
2016/10/17 14:00,41,27,14,14,2,12,18,4,14,26,5,21,32,6,26,0.658536585
2016/10/17 14:20,47,30,17,6,3,3,9,3,6,11,4,7,17,6,11,0.638297872
2016/10/17 14:40,52,35,17,9,6,3,10,6,4,15,7,8,24,10,14,0.673076923
2016/10/17 15:00,46,35,11,11,4,7,18,7,11,18,7,11,24,9,15,0.760869565
2016/10/17 15:20,47,32,15,7,1,6,11,3,8,17,4,13,21,4,17,0.680851064
2016/10/17 15:40,35,22,13,11,4,7,16,5,11,19,6,13,26,9,17,0.628571429
2016/10/17 16:00,63,46,17,5,1,4,6,2,4,10,3,7,17,6,11,0.73015873
2016/10/17 16:20,56,39,17,11,4,7,18,5,13,26,6,20,36,9,27,0.696428571
2016/10/17 16:40,42,29,13,7,2,5,10,3,7,19,7,12,25,7,18,0.69047619
2016/10/17 17:00,43,30,13,4,2,2,8,3,5,11,4,7,21,8,13,0.697674419
2016/10/17 17:20,34,21,13,6,3,3,7,3,4,18,8,10,25,9,16,0.617647059
2016/10/17 17:40,25,17,8,9,4,5,12,5,7,15,7,8,20,8,12,0.68
2016/10/17 18:00,22,18,4,2,0,2,5,0,5,8,0,8,10,0,10,0.818181818
2016/10/17 18:20,24,18,6,3,0,3,5,0,5,7,0,7,13,1,12,0.75
2016/10/17 18:40,14,10,4,2,1,1,7,2,5,9,2,7,12,3,9,0.714285714
2016/10/17 19:00,26,18,8,3,0,3,6,3,3,8,4,4,9,4,5,0.692307692
2016/10/17 19:20,15,11,4,7,1,6,8,1,7,12,2,10,15,3,12,0.733333333
2016/10/17 19:40,16,15,1,2,0,2,4,2,2,7,2,5,9,2,7,0.9375
2016/10/17 20:00,11,10,1,1,0,1,1,0,1,1,0,1,5,0,5,0.909090909
2016/10/17 20:20,17,15,2,1,0,1,2,0,2,5,1,4,6,1,5,0.882352941
2016/10/17 20:40,19,11,8,3,0,3,6,1,5,8,1,7,13,1,12,0.578947368
2016/10/17 21:00,17,15,2,6,2,4,9,3,6,10,3,7,12,4,8,0.882352941
2016/10/17 21:20,11,7,4,1,0,1,4,1,3,5,1,4,7,1,6,0.636363636
2016/10/17 21:40,18,15,3,1,1,0,1,1,0,1,1,0,5,2,3,0.833333333
2016/10/17 22:00,12,10,2,0,0,0,5,0,5,7,0,7,10,2,8,0.833333333
2016/10/17 22:20,10,7,3,1,0,1,2,0,2,2,0,2,6,0,6,0.7
2016/10/17 22:40,4,4,0,1,0,1,3,0,3,4,1,3,7,2,5,1
2016/10/17 23:00,1,1,0,0,0,0,0,0,0,0,0,0,1,0,1,1
2016/10/17 23:20,6,4,2,0,0,0,0,0,0,0,0,0,0,0,0,0.666666667
2016/10/17 23:40,2,0,2,1,0,1,2,1,1,3,1,2,4,1,3,0
